30
2 27 1 
13 1 27 0 
19 1 13 5 3 
7 18 3 6 21 11 25 27 5 9 4 
29 28 18 30 11 23 1 21 9 4 12 7 27 19 10 2 25 22 5 
23 29 13 5 4 28 11 3 9 6 
6 10 3 29 28 25 18 21 13 5 23 12 1 9 4 11 19 30 2 26 22 7 
20 9 15 27 16 14 1 24 2 17 13 0 
13 0 
3 2 5 10 
26 25 11 
1 29 28 9 27 13 22 30 2 11 18 3 7 19 21 6 26 5 12 
9 2 27 1 0 
20 13 17 27 1 9 16 2 24 8 14 
16 1 27 9 13 2 17 8 24 0 
24 9 13 15 20 1 8 17 0 
9 16 20 27 14 24 1 17 
26 11 27 6 9 28 30 3 1 21 13 22 4 23 25 2 18 
1 13 4 29 25 26 5 22 27 19 
27 13 2 14 16 15 20 
23 10 30 29 2 25 22 5 19 3 1 11 9 28 27 21 
25 27 10 11 6 1 7 21 23 3 19 13 28 26 0 
22 5 7 3 9 1 30 0 
1 20 14 2 27 17 8 16 15 24 
3 26 7 5 30 13 12 6 19 2 23 22 28 11 1 27 4 21 25 
4 9 22 1 25 3 27 6 5 23 10 2 7 30 26 
9 27 
6 26 19 22 12 10 25 3 18 4 11 1 29 21 28 
10 30 9 23 19 25 6 4 21 11 26 1 7 13 5 3 2 18 12 22 28 27 0 
1 10 29 11 12 19 2 25 3 26 13 6 23 22 7 21 5 28 4 27 18 0 
O O A A A A A B O A A A O B B B B A A B A A A B A A O A A A 
