30
27 3 1 
5 21 25 15 12 3 1 27 4 23 7 0 
14 17 15 4 3 
21 11 17 10 1 18 0 
25 10 17 3 1 2 23 12 21 5 
24 9 16 11 7 19 14 25 13 29 4 8 1 6 
25 14 12 11 17 21 2 18 15 5 10 4 27 23 3 7 
19 24 3 18 12 11 7 21 14 16 9 28 17 23 1 6 4 10 2 8 
28 18 15 14 23 11 24 4 3 2 7 6 16 8 5 12 19 30 1 27 21 17 10 0 
4 0 
1 14 2 25 7 17 4 18 27 0 
12 
15 14 10 9 2 24 5 29 6 17 27 0 
4 10 1 27 12 25 7 11 23 5 3 2 0 
21 5 7 2 1 14 0 
2 8 9 27 30 25 1 7 10 14 23 0 
1 5 25 7 14 4 2 15 18 23 3 27 11 17 
21 3 17 25 11 1 14 2 15 23 4 7 18 
12 16 5 13 8 1 28 27 21 10 7 30 23 2 25 6 11 15 14 9 18 17 4 24 19 
7 10 18 21 4 0 
21 
10 14 1 18 27 3 17 20 15 5 12 11 4 21 26 2 25 7 22 
12 17 11 2 18 21 10 15 7 27 3 0 
19 5 6 1 9 11 30 18 25 7 15 4 13 14 17 12 16 27 10 28 0 
12 18 7 14 4 21 2 25 
27 20 26 
3 4 2 18 11 10 7 14 25 1 21 15 23 12 17 0 
14 4 8 9 30 21 10 0 
13 14 16 9 28 27 1 6 10 8 23 4 30 17 18 7 15 21 0 
13 8 10 2 19 27 7 9 12 1 29 5 30 
O O O O O A O A A O O O A O O A O O A B O B O A O B O A A A 
