30
14 2 16 4 7 9 10 0 
7 21 11 16 23 20 4 3 30 6 18 5 0 
16 18 0 
0 
3 17 0 
6 
9 14 21 6 19 25 4 17 0 
24 10 17 3 2 4 21 9 19 14 11 23 7 6 25 5 0 
2 16 21 20 4 25 27 18 23 5 10 6 11 30 17 7 14 3 19 0 
20 19 16 10 
16 4 21 18 0 
30 25 21 16 2 6 8 7 1 29 15 11 17 18 12 
22 18 17 25 4 26 9 29 21 13 
11 25 9 16 6 23 4 17 3 21 20 14 
5 21 4 17 19 16 3 27 2 8 23 10 15 
2 3 11 7 9 6 18 20 27 17 19 0 
19 30 17 
19 16 7 10 25 3 20 6 5 23 14 30 27 18 
16 11 7 30 27 25 9 17 5 6 2 14 21 20 3 4 19 
14 18 10 2 23 27 19 25 20 
4 9 14 18 2 27 30 23 3 5 11 20 7 17 16 10 19 21 
4 21 30 0 
20 2 27 11 21 18 10 16 4 30 25 5 19 6 9 0 
5 25 23 10 4 3 19 7 9 20 21 15 0 
17 18 20 16 19 2 4 9 27 7 10 0 
13 2 14 7 19 22 6 4 3 27 17 23 20 26 
14 21 19 18 10 6 17 16 5 25 27 
6 7 25 21 16 15 4 5 24 2 14 27 0 
25 7 27 6 16 5 4 23 9 13 2 20 29 
23 14 25 19 9 17 6 27 5 4 11 21 2 10 3 30 
A O O O O O O B O O O AB A O B O O O O O O A O B O A O B A O 
