30
0 
17 26 18 9 22 5 27 14 4 2 
9 26 18 3 
14 9 5 3 16 17 1 18 19 22 27 26 0 
4 19 27 18 16 17 5 
24 19 26 5 2 27 22 4 14 16 10 25 3 29 17 13 30 23 8 9 7 12 1 18 0 
14 26 1 23 27 4 25 3 6 5 18 19 30 7 
17 2 7 19 30 14 10 4 26 24 13 9 6 25 27 3 0 
3 17 4 18 5 27 9 
17 7 13 10 
27 1 21 2 17 9 5 26 15 11 
0 
24 8 16 27 6 18 2 23 25 10 12 14 26 22 30 19 3 0 
26 19 17 3 9 1 0 
28 22 9 4 3 14 18 16 27 0 
27 18 2 9 3 4 22 0 
14 2 18 4 3 16 19 1 26 5 27 9 22 17 
16 5 19 1 26 4 3 9 2 27 18 
3 1 17 5 9 26 2 14 18 4 27 22 16 19 
27 12 4 16 21 26 14 15 18 28 9 2 23 19 17 6 7 30 3 22 5 13 1 20 
1 15 28 14 16 27 26 9 5 17 19 11 2 4 22 21 
0 
13 5 7 1 30 3 6 29 9 10 4 23 
22 16 12 29 19 24 
8 16 27 10 12 19 0 
5 0 
14 18 4 26 17 5 27 
18 21 28 
23 27 26 8 6 19 9 2 30 25 4 17 3 22 16 12 24 13 1 18 5 29 
30 
O O O O O A A A O A B A A O B O O O O AB B O A A A O O B A A 
