30
4 20 18 8 26 14 24 23 1 
19 27 4 5 16 10 14 29 24 2 
20 1 4 29 14 30 26 23 19 11 7 15 0 
14 0 
19 5 
10 14 29 28 4 13 6 
20 24 27 26 11 10 2 14 8 19 22 29 18 3 0 
4 21 3 16 11 15 8 
1 18 5 26 10 6 17 8 13 25 20 15 0 
17 16 24 14 2 29 4 10 
27 5 24 4 22 1 30 23 16 18 3 2 21 11 
17 3 15 9 27 1 2 20 6 7 8 14 10 26 16 4 19 5 24 18 21 23 25 11 29 22 0 
4 17 29 27 16 20 25 6 24 13 
5 27 24 10 16 2 4 19 29 14 
7 22 29 18 21 26 27 24 1 19 16 17 10 11 2 15 
10 0 
14 17 
8 10 5 29 2 23 20 22 11 0 
20 4 2 16 24 14 29 5 10 27 17 0 
19 24 17 4 0 
23 17 5 10 14 24 27 0 
19 14 23 21 24 10 18 20 17 3 15 4 7 11 1 30 26 5 29 0 
4 1 22 7 8 15 27 11 2 30 17 21 29 10 18 3 14 0 
16 0 
4 16 2 28 24 5 13 19 25 
15 16 19 30 27 11 29 21 22 3 24 5 20 1 18 17 7 2 10 14 0 
29 10 16 2 5 14 24 20 4 0 
13 29 16 28 
20 27 10 17 2 4 5 16 29 
24 30 
A O A O O B A A AB O A AB B O A O O A O O A A A O B A O B O A 
