30
2 16 11 20 7 0 
1 4 2 
9 12 1 14 11 22 29 6 20 8 21 19 3 
26 14 19 20 2 16 7 25 1 12 24 11 0 
25 20 27 15 16 29 0 
2 26 19 6 
26 16 4 25 20 11 7 
29 8 
1 11 22 17 25 7 24 8 16 15 6 27 14 0 
19 11 20 26 14 7 1 12 24 25 10 
4 19 0 
11 26 0 
29 21 6 4 11 15 23 24 27 0 
26 19 1 7 20 2 11 12 14 
21 19 27 16 22 2 25 17 3 4 13 18 23 29 12 9 14 7 1 5 24 8 20 6 26 11 0 
1 7 20 25 16 
26 6 8 19 1 25 15 16 9 4 22 20 7 2 0 
6 26 25 11 20 14 21 12 7 2 13 3 22 17 16 0 
16 25 20 26 4 24 11 1 2 14 7 0 
12 14 24 2 16 4 25 1 26 19 0 
14 5 17 20 4 0 
25 24 15 14 27 11 3 2 5 7 18 1 22 
8 1 19 3 5 11 17 13 25 2 0 
0 
11 19 4 2 16 7 20 12 24 26 14 1 0 
7 26 
2 6 21 26 9 15 19 22 23 8 3 1 20 4 7 0 
9 22 28 
19 2 14 29 
4 2 12 16 24 1 14 25 19 26 7 0 
O O A O A A O A A B O O A O A O A A O O A A A O O O A AB A B 
