30
8 19 11 29 18 28 13 3 10 1 
13 10 19 3 8 2 
30 13 19 0 
10 19 27 30 17 13 22 0 
22 29 4 16 26 9 17 14 1 23 28 11 15 8 25 3 18 5 
20 21 16 13 19 12 4 18 17 10 24 14 28 22 7 27 23 2 29 0 
13 4 30 0 
3 4 0 
27 15 4 16 10 14 29 17 25 19 11 18 22 1 13 0 
8 10 
10 5 4 17 24 1 13 9 11 
12 
27 19 8 22 17 10 30 4 13 
13 30 22 10 4 27 28 17 3 23 24 26 9 18 11 29 8 15 14 
11 27 14 20 9 26 25 30 10 16 13 29 3 19 1 28 18 8 4 15 
29 13 27 18 11 23 1 8 19 30 17 22 10 26 9 28 24 4 15 16 
17 
5 27 23 1 28 17 30 15 9 19 0 
17 4 13 8 30 3 27 22 19 
24 9 22 14 28 26 10 13 1 0 
27 4 22 17 30 2 19 8 3 13 12 0 
3 19 13 10 30 4 8 27 17 0 
11 20 16 29 30 0 
8 3 23 26 13 4 22 1 18 20 14 27 25 16 11 29 19 0 
4 23 16 5 14 3 30 26 29 27 10 19 11 1 24 18 8 28 13 15 17 25 
15 17 3 1 0 
3 30 27 
26 3 16 11 5 17 27 23 29 8 24 1 15 22 25 20 10 9 13 30 18 14 28 
20 28 9 4 19 24 10 14 16 8 25 18 1 22 23 3 30 27 0 
22 13 4 27 19 8 0 
A B O O A AB B O A O A B O A A A O A O A B O A A A A O A A O 
