30
20 23 1 
28 27 12 25 4 22 26 5 17 8 16 7 0 
27 28 25 26 16 3 
30 3 26 7 12 16 8 17 27 6 25 2 21 22 0 
15 8 30 25 4 6 3 26 12 27 16 21 7 28 22 0 
16 2 4 26 27 22 3 25 30 17 21 7 28 12 15 6 
6 25 27 0 
6 7 2 28 17 27 12 25 26 21 16 8 
19 8 10 28 3 15 17 25 12 16 9 
8 15 21 16 5 7 26 3 6 25 4 27 9 2 12 30 22 17 10 
15 25 12 24 27 14 18 20 2 21 4 26 30 3 23 11 
0 
28 25 18 16 27 26 7 15 23 1 12 22 21 11 4 0 
11 24 22 8 26 5 17 12 21 18 14 
5 25 6 26 30 22 28 4 8 16 2 12 27 3 17 21 7 15 
25 30 26 2 12 27 7 17 21 15 4 8 28 6 5 22 3 16 
6 27 7 28 5 26 21 30 15 25 3 8 17 
26 0 
5 30 15 6 16 27 2 12 22 8 28 17 4 19 
23 25 12 27 7 24 20 
5 26 4 28 0 
28 8 12 6 2 7 16 3 4 30 15 22 
3 26 23 
4 20 3 8 26 12 27 17 2 14 5 15 7 25 18 16 6 0 
16 28 5 6 4 21 22 26 12 8 15 27 7 30 3 17 2 0 
27 8 25 6 16 15 4 3 28 17 5 22 21 0 
6 17 25 21 3 30 22 5 8 26 16 28 2 15 12 0 
26 5 8 15 3 2 16 27 30 17 7 0 
30 8 22 21 1 17 11 5 26 6 23 12 27 3 25 13 16 0 
26 3 22 17 8 4 2 16 30 
A O O O O O O O B B A O A A O O O A B A O O A A O O O O AB O 
