30
7 6 18 13 12 0 
26 6 27 22 10 4 15 0 
11 6 23 1 21 27 24 13 22 19 29 25 30 26 18 10 7 14 4 0 
24 2 7 21 29 28 15 18 11 27 6 10 3 0 
30 23 9 27 26 21 2 6 15 20 1 14 22 7 13 24 10 4 3 16 11 25 19 8 12 17 28 18 0 
1 13 12 0 
30 12 13 19 21 7 
16 29 13 30 8 
12 16 6 7 13 17 8 19 20 30 1 18 29 9 
10 
18 1 25 21 2 13 26 12 19 11 
18 30 0 
12 1 30 0 
27 6 23 7 3 29 25 11 1 13 19 2 28 24 26 21 22 12 30 18 10 4 15 0 
27 21 28 30 22 18 26 7 6 3 11 14 19 23 24 25 29 13 10 12 0 
12 13 9 17 18 21 1 7 19 0 
6 19 7 16 8 12 1 0 
21 1 29 19 12 6 0 
6 12 21 13 29 1 19 
7 9 12 30 17 13 6 18 21 29 8 20 
1 21 
24 25 23 14 1 12 3 28 21 29 18 4 2 6 10 22 
7 27 18 29 4 28 10 6 21 26 25 12 15 19 3 2 23 
14 26 19 25 11 3 30 23 4 6 12 22 1 21 29 18 10 7 28 2 0 
6 22 4 14 12 24 15 7 26 19 30 2 0 
18 14 11 25 30 24 26 
3 13 4 0 
21 24 14 2 26 1 6 27 23 30 13 18 4 12 19 29 25 11 7 22 3 15 28 
7 19 30 0 
21 19 30 
O A A A AB O O B B A A O O A A B B O O B O A A A A A A A O O 
