30
27 28 13 26 25 1 
26 9 7 10 24 5 4 1 20 15 23 19 13 22 3 30 21 29 14 25 16 8 11 17 27 12 28 6 2 
16 14 26 25 15 12 1 24 10 19 21 27 28 13 3 
29 26 7 25 3 13 9 8 27 28 20 11 4 
27 10 22 11 9 24 21 1 20 28 3 29 14 30 6 5 
15 20 14 12 4 6 
19 0 
23 12 27 15 11 25 21 29 4 10 0 
3 23 0 
19 3 26 21 24 14 27 20 16 12 1 11 28 23 13 7 25 0 
12 0 
3 26 23 20 28 7 27 14 19 21 1 15 22 24 11 10 16 25 12 
23 1 15 22 19 13 
12 23 27 0 
27 10 26 3 21 16 1 19 11 25 22 24 12 23 7 15 
15 23 24 21 14 12 20 22 1 26 13 27 11 10 19 25 0 
12 11 25 20 23 10 14 15 0 
3 19 12 13 7 24 17 21 23 28 16 20 22 0 
26 28 22 21 3 25 12 13 0 
23 1 14 13 10 15 22 24 19 0 
10 23 28 20 12 13 19 22 14 11 27 26 7 1 15 24 25 0 
3 14 11 12 25 16 15 20 1 26 7 24 13 23 27 21 22 
11 3 21 22 26 13 14 16 1 24 28 20 19 25 27 15 12 7 0 
14 22 10 11 21 7 13 24 
21 19 27 3 22 13 28 26 10 23 24 14 0 
11 12 23 19 20 10 13 25 21 14 1 7 28 15 16 3 27 24 22 0 
11 26 13 16 14 25 3 21 19 15 24 23 12 20 0 
10 26 16 14 27 25 15 24 19 23 7 1 0 
10 13 27 3 21 23 0 
5 20 24 23 6 4 3 26 0 
O AB O A A A O A A O O O O O O O B B O O O O O O O O O O A A 
