30
6 10 3 23 17 30 15 25 1 
24 17 22 5 25 6 18 8 3 9 0 
0 
27 2 26 8 18 10 15 19 7 28 3 6 21 12 1 23 17 9 22 13 20 24 5 4 
16 25 9 15 20 19 13 24 21 1 23 26 4 10 18 8 12 30 6 3 28 5 
1 10 24 6 
23 9 17 10 24 7 
7 25 23 9 12 2 10 1 20 22 19 26 18 15 27 0 
0 
24 9 10 
3 19 1 22 30 20 5 25 23 2 24 9 13 10 18 26 7 12 6 16 11 
21 9 17 10 22 16 20 13 1 0 
22 19 7 4 27 20 24 12 30 3 17 21 1 8 9 26 10 0 
30 11 1 0 
17 28 6 10 15 
15 30 9 17 0 
15 28 23 16 3 10 1 9 30 25 6 0 
25 23 24 30 10 6 15 28 3 0 
18 24 8 17 16 20 15 21 1 0 
7 13 27 6 30 1 5 3 4 28 24 15 22 19 12 21 25 16 2 8 10 18 23 9 26 17 0 
3 27 12 1 24 15 26 4 19 7 30 28 6 16 5 13 2 25 23 0 
8 0 
28 16 23 
28 17 15 30 23 0 
9 28 16 18 10 15 3 30 17 24 1 23 25 
26 
25 13 12 8 18 6 5 4 9 26 2 21 15 7 20 0 
16 6 17 28 
28 17 3 1 10 23 25 24 15 16 9 18 6 0 
17 10 23 1 25 18 24 9 28 16 6 30 
O A O A A O A A O O AB A A AB O O O O A A A A O O O A A O B O 
