30
12 22 26 1 
17 16 30 23 5 25 26 6 8 13 15 2 
2 28 16 9 19 17 4 30 25 15 8 20 1 5 27 6 26 7 3 
25 17 15 8 28 26 16 7 5 30 13 19 1 20 9 6 27 24 4 
5 
16 15 5 29 8 25 26 30 9 13 23 0 
26 27 5 2 17 8 20 24 28 23 4 16 9 25 15 22 1 6 7 
5 17 23 6 9 15 13 2 26 30 25 16 8 
23 29 30 5 0 
14 6 18 5 16 15 25 8 13 26 29 9 2 17 0 
29 21 19 20 14 17 13 18 2 10 1 16 12 3 4 8 30 24 7 11 
2 24 0 
30 25 23 9 26 2 13 
0 
17 23 30 6 29 16 8 0 
9 29 30 23 17 6 8 2 15 25 5 26 16 
23 2 13 6 0 
15 17 9 13 25 10 5 23 2 18 
20 8 29 25 30 22 7 1 4 16 9 23 5 2 17 6 26 3 28 27 13 15 19 
20 
28 8 30 17 11 1 23 6 29 13 20 15 19 4 14 2 26 12 27 5 16 25 7 24 10 22 9 18 0 
4 5 8 28 23 20 13 6 24 3 0 
16 13 0 
29 1 24 
5 29 17 26 6 13 30 2 9 16 23 15 8 0 
17 0 
22 9 28 20 7 19 25 26 29 23 17 24 3 6 16 8 13 2 5 4 30 27 
1 20 23 15 24 17 16 19 9 7 5 22 13 8 29 27 26 25 3 4 2 30 6 0 
2 0 
17 2 26 15 25 9 30 
A O A A O O A O O B AB A O B O O O B A A AB A O A O O A A O O 
