30
15 3 16 0 
15 9 21 14 18 22 6 17 12 7 30 19 13 5 29 10 28 8 16 11 0 
14 1 28 9 3 
3 10 1 24 14 12 7 9 28 5 20 18 15 16 4 
28 3 1 18 12 10 7 16 9 14 15 0 
15 28 8 11 1 18 23 5 3 22 0 
28 1 12 15 16 10 3 14 18 9 7 
9 13 18 30 3 21 22 19 17 2 10 25 1 28 23 11 29 8 
5 10 7 9 
9 7 12 18 10 
19 14 18 3 0 
15 7 14 9 0 
11 1 3 5 15 29 12 14 6 22 10 21 8 9 25 30 28 17 7 13 
7 28 0 
10 5 14 18 9 15 
18 1 0 
7 9 19 21 2 25 1 30 3 22 17 
9 3 14 28 10 15 7 5 12 1 0 
7 3 19 
28 10 1 9 4 24 16 0 
25 14 6 3 10 21 
13 17 22 
30 7 5 15 12 23 
18 28 16 0 
13 6 12 7 18 28 14 5 29 16 9 25 
26 
6 7 22 11 2 14 9 28 20 5 23 10 12 1 3 25 4 18 16 19 30 17 8 15 29 13 21 26 24 0 
7 5 1 28 
19 28 12 25 7 30 16 11 13 22 14 10 18 0 
2 25 19 13 22 10 5 3 15 18 0 
O A O B O A O A O O A O A O O O A O A B A A A B A AB AB O A A 
