30
22 8 11 1 
11 4 25 2 
16 5 25 15 23 11 21 9 3 
20 2 21 0 
22 9 14 23 13 4 11 19 30 29 25 2 20 18 21 3 0 
7 28 9 12 23 0 
17 4 24 14 2 28 9 1 23 20 12 22 30 8 6 0 
14 7 11 9 21 2 6 10 26 1 4 29 17 30 22 28 12 20 25 0 
2 25 30 29 4 22 20 14 11 23 21 0 
2 11 22 28 17 24 14 8 30 21 29 7 12 1 0 
30 20 25 14 4 23 22 11 
24 29 4 17 12 
15 3 18 19 23 14 16 11 20 30 9 25 2 4 27 22 29 13 
20 29 30 11 4 21 14 
16 22 15 
22 19 25 13 3 20 2 29 11 23 30 15 21 9 14 4 18 5 16 
9 24 7 4 21 25 30 12 2 22 23 29 11 6 1 26 14 20 10 8 28 0 
16 20 22 21 13 30 4 5 2 14 3 27 18 
27 30 14 20 25 4 0 
9 11 21 25 0 
9 21 
30 25 9 4 20 14 2 29 11 21 23 0 
0 
11 22 21 9 8 20 4 28 25 14 23 12 7 2 10 24 
30 29 14 9 22 20 2 4 23 11 21 0 
1 24 17 4 26 
27 
7 30 29 14 10 21 24 26 1 28 
25 30 29 
14 30 
A O B O B A A A O A O A B O B B A B B O O O O A O A B A O O 
