30
20 7 18 4 13 29 19 17 11 30 23 2 10 22 6 16 25 1 
8 25 30 22 5 12 11 0 
12 5 22 28 23 30 17 16 24 8 15 26 19 14 2 25 27 0 
13 30 23 18 1 12 9 22 20 16 6 11 29 21 8 5 10 24 2 25 4 
16 25 15 23 30 19 11 12 8 5 
8 30 1 12 29 4 7 6 
6 13 20 30 10 5 24 29 4 7 
24 22 5 2 19 0 
25 20 15 11 0 
1 6 17 8 9 4 7 21 30 12 22 16 15 5 19 29 10 
16 17 2 11 
25 24 15 11 8 0 
30 5 7 11 13 
24 2 17 25 22 23 26 28 19 15 8 5 16 30 0 
15 
30 17 8 19 25 2 22 12 24 15 16 
19 8 24 5 15 25 16 0 
17 29 1 2 6 13 21 19 15 10 22 23 25 8 4 0 
16 25 8 0 
16 7 24 25 23 21 19 15 17 0 
12 10 4 15 16 11 7 23 9 20 17 0 
12 30 16 25 2 5 8 24 23 17 19 15 11 0 
15 16 25 17 22 30 24 23 
16 5 30 23 22 19 25 15 8 12 2 11 17 0 
2 25 
3 22 0 
27 
5 8 0 
12 7 15 20 22 8 19 5 13 4 23 10 24 9 16 11 2 30 1 18 25 21 0 
15 25 17 12 8 22 30 
A O B A O A A O A A O O A B O O O A O A A O O O O B B B A O 
