30
29 10 21 1 
10 2 
22 24 8 23 5 0 
1 24 17 29 22 11 8 14 6 2 10 23 30 21 5 0 
21 29 24 8 18 17 1 23 10 5 
26 23 10 24 11 17 5 14 1 8 21 30 29 0 
22 17 18 29 25 6 11 23 24 10 5 13 8 16 3 21 20 9 28 27 14 0 
0 
30 1 13 23 25 16 6 26 5 11 19 24 7 14 29 10 12 27 8 3 22 21 20 28 17 18 9 
21 22 5 11 8 6 29 1 26 18 23 14 17 24 30 0 
5 30 14 6 26 18 22 24 17 8 23 29 10 21 0 
19 24 13 5 10 14 20 29 22 17 7 0 
24 17 22 16 6 1 21 3 29 23 28 13 
24 5 22 6 1 21 30 14 
6 22 1 4 8 11 18 2 14 24 26 5 30 0 
30 24 17 13 18 23 29 6 20 10 14 11 25 8 3 5 19 16 
6 29 8 22 10 24 17 
0 
9 30 16 8 27 29 22 14 12 26 11 6 21 18 1 17 3 5 10 19 
28 19 18 26 6 27 12 7 22 30 16 29 21 1 11 14 24 8 13 9 17 23 5 20 
5 26 23 18 24 10 11 29 17 14 30 1 0 
29 26 30 6 11 8 21 5 14 23 24 18 10 22 
8 14 11 17 10 5 21 23 
5 24 
29 6 23 19 16 10 3 17 21 20 13 30 9 11 26 22 8 24 7 28 1 14 12 25 
11 18 23 29 8 6 17 21 26 
21 23 1 28 19 10 6 11 18 24 13 30 9 29 26 3 16 22 8 17 25 20 7 5 14 12 27 
14 12 18 26 24 5 8 23 11 16 25 19 20 6 17 0 
30 6 21 18 29 
26 21 1 18 24 5 23 8 22 10 29 17 6 30 
O B A B O O A O A O O A A O B A O O A A O O O O A O A A O O 
