30
25 19 30 13 9 26 0 
14 13 5 23 28 6 0 
12 23 6 13 16 24 7 2 5 25 0 
30 5 23 3 13 28 12 6 2 16 25 7 0 
23 6 3 16 25 24 29 2 28 4 30 26 13 7 12 0 
5 13 2 0 
30 24 7 
26 9 12 1 16 0 
12 8 14 30 5 0 
29 4 11 20 12 13 25 22 7 15 6 17 5 14 9 10 
20 23 17 13 8 21 9 3 16 24 25 30 19 6 0 
29 26 30 6 5 14 28 2 3 24 23 16 4 0 
0 
7 12 3 28 26 25 4 13 30 2 6 29 5 16 14 
1 16 14 26 24 10 6 19 30 15 
30 26 13 14 6 5 2 28 3 4 24 12 25 7 23 0 
10 11 13 15 26 23 3 5 12 1 14 19 25 8 2 30 4 0 
6 12 21 4 23 5 27 2 26 17 20 22 30 28 1 18 
7 8 25 23 4 13 9 21 19 
19 10 2 6 25 28 0 
22 19 11 17 3 30 9 1 15 2 24 25 12 0 
9 14 28 23 5 10 24 4 1 25 7 6 29 20 12 8 11 16 15 3 21 19 2 22 
14 3 16 6 26 7 23 
13 7 25 16 6 24 
13 12 2 7 29 24 6 23 26 25 
4 30 12 29 2 6 24 23 7 25 0 
4 3 28 6 30 13 12 27 
25 7 24 6 2 4 16 12 0 
13 25 12 29 
16 29 28 4 25 3 6 2 23 24 30 
A O O O O O O A A A A O O O A O A AB A A A A O O O O B O O O 
