30
1 
16 1 11 12 13 21 26 10 0 
12 25 6 16 17 19 13 2 21 11 27 10 5 3 
8 27 28 15 4 
6 17 1 19 16 11 2 27 21 25 13 12 3 10 26 0 
17 11 27 16 13 0 
18 25 30 1 0 
16 0 
30 9 
27 11 16 5 2 21 3 13 1 26 25 17 10 
1 26 27 17 12 10 11 
21 3 16 2 26 27 10 11 12 
16 11 21 5 6 25 1 10 3 19 17 2 27 0 
3 10 24 19 20 25 12 2 5 6 1 0 
12 2 28 15 
3 1 13 6 25 11 2 5 16 
26 12 10 6 25 3 27 11 13 19 16 1 5 2 17 
11 10 18 
5 21 26 13 19 
21 6 17 10 2 25 11 5 13 16 22 24 12 14 26 19 1 20 
25 2 1 0 
2 24 27 1 21 26 14 6 12 17 0 
21 2 7 14 5 16 15 29 18 17 23 
17 13 12 2 20 3 1 6 16 27 5 25 21 24 
1 3 6 11 27 16 12 5 17 21 13 2 19 10 26 25 
27 21 3 10 5 2 25 11 17 19 13 6 1 16 26 
1 10 5 2 12 21 16 25 13 26 6 17 3 11 0 
2 27 28 
30 7 1 6 5 12 28 4 10 21 8 2 15 27 3 11 16 9 17 13 19 25 26 18 0 
16 29 10 3 5 0 
O O O A O O A A A O O O O B A O O A O B O B AB B O O O A A A 
