30
3 10 22 9 0 
24 9 19 22 7 8 0 
16 29 17 10 0 
9 10 19 29 7 8 2 25 1 28 0 
30 13 25 4 3 5 
22 10 3 27 11 29 25 13 18 20 5 17 16 7 1 24 21 8 28 2 30 19 15 4 6 
29 19 22 7 
4 25 3 9 7 10 8 
10 4 2 19 9 
3 2 4 22 28 25 19 24 16 17 9 7 1 8 27 29 0 
6 29 24 27 16 2 19 4 20 22 18 15 0 
26 22 7 10 27 23 25 16 11 1 19 17 13 6 9 2 18 8 29 12 
8 10 30 27 21 18 29 17 24 7 19 20 28 2 13 
27 5 22 13 20 28 7 4 24 19 18 3 6 29 17 26 16 30 1 2 14 
8 2 25 9 29 24 10 3 6 7 21 1 5 20 0 
24 10 8 17 25 22 9 0 
2 29 19 28 8 25 4 16 0 
17 10 8 2 20 1 24 4 28 16 14 9 6 29 18 
4 7 3 27 9 19 
19 15 11 2 7 21 16 13 1 4 24 20 
14 9 27 26 8 4 11 5 22 13 1 25 0 
17 25 24 7 28 19 27 3 8 16 0 
9 22 28 27 19 4 16 10 3 25 24 29 2 7 8 17 23 
22 17 10 9 19 29 3 27 0 
8 7 2 28 9 24 10 16 17 4 29 27 1 22 19 3 0 
15 2 4 7 3 25 8 24 9 28 19 22 10 16 27 11 17 18 21 1 29 20 6 5 14 13 30 26 
2 29 7 19 1 16 24 17 28 22 4 10 8 9 0 
27 22 17 19 8 9 1 28 
24 3 17 28 4 16 25 10 19 0 
2 14 29 7 8 5 30 
O O O O A A O O O O A AB A A A O O A O A A O B O O A O O O A 
