30
8 20 2 0 
1 2 
10 17 14 5 18 2 26 29 15 28 11 20 0 
23 8 20 24 4 
1 8 16 19 6 15 9 2 12 7 0 
12 0 
27 16 6 15 9 8 1 25 21 19 29 13 28 2 11 0 
16 0 
20 16 2 8 0 
8 14 9 17 22 0 
19 25 13 28 18 23 5 29 16 15 20 27 0 
11 6 8 5 29 18 7 1 21 28 9 20 25 19 27 15 12 
1 20 5 18 15 2 11 7 12 16 25 13 
26 20 16 14 
20 7 12 13 6 9 29 28 16 21 19 27 11 5 25 23 1 18 8 2 15 
20 8 9 1 0 
17 
25 19 13 12 0 
12 0 
8 0 
1 16 2 13 27 12 28 7 20 18 15 9 23 0 
9 8 2 22 
6 11 25 12 28 7 9 29 13 5 19 18 21 15 2 16 1 0 
16 10 2 17 9 1 0 
1 23 29 21 18 6 13 20 5 12 7 27 15 11 2 28 8 19 9 16 0 
24 8 10 1 22 9 16 20 17 2 0 
11 6 25 2 9 19 8 21 13 0 
21 5 27 9 23 29 25 2 0 
16 12 8 23 2 13 21 9 27 7 15 6 1 5 19 18 20 25 11 0 
10 23 22 20 27 14 5 26 11 6 12 7 29 25 2 16 9 13 8 21 24 3 18 19 30 
O O AB AB A A A O O B A A A B A O B A A O A B A B A B A A A AB 
