30
18 19 16 11 4 14 30 0 
20 5 23 19 3 24 18 1 0 
23 0 
5 16 7 3 11 24 30 4 
18 23 4 30 11 19 14 3 16 24 1 5 
2 26 1 27 20 4 29 12 7 18 14 19 15 30 22 24 13 23 0 
11 18 24 16 1 23 5 30 19 4 3 20 14 2 7 
25 1 19 17 7 13 11 5 12 0 
6 29 22 23 1 11 24 12 8 28 10 0 
7 3 11 28 4 20 24 14 30 18 5 10 
20 7 5 11 
2 4 16 11 18 6 0 
25 22 23 1 7 5 11 4 27 26 2 15 3 13 
20 30 24 1 4 23 19 18 2 3 14 
20 17 14 30 3 27 4 16 29 23 25 24 18 15 
16 
5 20 8 29 11 24 27 23 25 17 
7 16 20 18 
18 2 7 3 30 23 20 0 
4 19 16 23 3 7 1 30 14 20 
23 28 30 16 11 4 5 24 14 0 
16 12 3 18 0 
3 11 30 7 1 19 18 14 5 2 23 
7 30 4 3 0 
6 20 24 1 0 
27 26 
1 16 5 12 29 15 4 6 19 25 22 7 24 2 20 30 26 8 13 11 14 17 27 
23 30 24 18 1 14 7 19 20 21 28 
1 27 23 17 25 3 11 29 
14 20 23 5 18 2 24 30 
O O O O O A O A AB B O A A O A O A O O O B A O O A A A B A O 
