30
29 4 5 14 23 0 
29 4 23 30 24 21 6 11 5 0 
5 6 16 1 21 19 3 
23 16 25 14 26 27 24 5 30 20 11 4 
23 27 29 15 25 14 1 16 0 
25 16 10 19 17 23 11 4 2 26 20 24 7 15 6 
15 11 8 19 3 26 6 0 
7 24 21 26 8 
28 11 10 24 2 17 7 5 6 29 25 3 15 1 16 20 30 12 22 0 
29 24 1 16 20 30 23 27 4 15 10 
30 26 23 20 27 1 10 24 5 16 25 15 14 29 0 
28 29 1 14 24 9 26 30 2 7 27 3 6 10 21 8 17 20 22 25 16 11 23 5 4 15 0 
8 2 15 3 12 13 
16 27 30 15 11 23 26 4 20 14 
5 11 25 27 30 29 14 26 20 24 23 0 
29 24 1 5 15 20 30 14 25 10 4 11 0 
24 12 29 1 21 11 16 7 4 20 27 10 19 14 3 6 2 25 28 5 8 15 17 
27 29 20 4 30 26 11 23 10 15 18 
2 24 0 
30 27 1 4 5 11 0 
7 11 23 8 19 0 
24 9 10 23 6 14 4 2 25 29 28 17 15 12 20 26 19 30 11 0 
29 26 30 10 23 
4 5 30 20 23 16 10 15 26 25 27 14 29 1 11 0 
30 15 16 10 4 20 29 5 1 27 25 
4 5 15 10 16 1 30 25 20 23 24 14 11 27 29 26 
27 
2 9 7 14 11 19 0 
16 14 30 24 0 
14 15 29 26 30 
O A A O O A A A A O O A AB O O O A B A O A A O O O O O A O O 
