30
24 22 21 11 6 2 17 12 3 7 18 10 19 26 30 28 15 14 27 9 8 5 0 
14 27 8 9 25 10 30 22 7 26 20 5 0 
13 8 0 
4 
0 
13 17 21 6 
10 3 5 27 19 8 4 30 20 29 6 28 13 12 17 25 15 23 14 22 7 
17 30 3 21 8 
17 28 5 8 29 22 3 25 12 21 13 15 30 16 7 14 0 
10 
30 17 24 13 8 19 21 18 6 10 11 
27 5 20 21 29 22 28 26 8 9 7 2 14 15 12 
13 
9 26 5 20 25 2 15 6 17 30 28 12 29 4 14 
29 28 22 14 2 6 0 
19 0 
8 30 21 19 28 10 3 13 0 
24 19 13 30 18 
30 0 
27 21 28 16 12 14 23 7 2 17 8 5 26 0 
30 10 28 13 8 6 19 17 21 
5 22 
21 29 5 28 20 13 15 17 3 10 2 12 14 16 23 
21 11 17 24 
10 7 30 20 23 27 13 4 12 6 15 26 21 28 17 9 16 22 0 
21 20 19 23 14 30 17 0 
3 25 15 9 23 8 21 5 7 16 14 20 4 0 
6 21 17 28 
4 20 10 0 
8 28 21 3 10 6 13 19 17 30 
AB A O A A O A O A O B A O A A A O B O A O A A B A A A O A O 
