30
8 28 24 9 19 12 13 23 1 
9 29 18 3 0 
13 1 22 12 28 6 3 
3 1 28 26 4 
9 19 23 27 24 28 0 
28 9 3 24 1 8 19 13 23 0 
6 12 19 28 27 8 22 1 9 25 13 0 
13 28 22 6 12 3 24 0 
9 
2 26 29 4 3 20 11 6 12 23 8 13 9 15 24 28 22 17 21 10 
28 11 
9 13 8 12 
1 28 9 8 13 
2 26 28 13 27 15 14 
8 19 6 12 18 4 2 0 
15 8 13 17 2 27 22 1 10 6 23 3 5 16 
20 29 6 8 10 1 26 24 9 13 23 3 21 22 12 28 15 11 18 2 19 0 
19 26 2 11 20 21 9 10 28 23 13 0 
9 12 3 24 19 
22 10 8 21 12 29 2 0 
8 17 3 19 11 6 12 15 24 1 20 21 
9 3 19 22 
3 28 8 1 13 12 9 22 0 
19 13 3 9 28 8 0 
7 28 24 1 6 8 13 27 12 3 19 9 5 23 0 
11 24 19 21 15 9 13 1 0 
7 8 9 13 22 19 28 5 6 12 23 27 
19 23 12 22 3 9 24 1 6 13 8 0 
22 12 6 10 15 26 17 23 1 3 20 28 9 13 11 18 2 19 29 
19 5 13 30 
O A O A B O B O O A A O O AB A AB A A O A A O O O B A B O A AB 
