30
22 24 23 6 27 15 25 20 16 4 14 21 17 2 12 9 26 1 
27 11 14 25 28 18 16 13 7 0 
10 15 27 18 11 16 7 14 28 25 13 26 21 12 4 20 2 19 3 
21 26 27 25 12 14 11 19 13 7 16 18 10 20 15 28 2 0 
19 6 5 
15 2 27 19 7 28 9 20 25 23 22 11 16 6 
13 28 25 20 18 16 2 27 15 19 11 12 14 0 
30 12 18 16 20 22 15 23 19 27 5 14 17 11 13 24 2 29 25 6 8 
11 28 29 19 7 17 22 20 0 
27 0 
2 15 0 
11 16 2 19 7 0 
11 15 14 25 16 19 7 2 20 0 
13 18 7 20 15 2 14 
27 20 0 
12 19 7 15 27 11 25 16 
9 18 20 29 17 
15 25 12 19 0 
25 27 15 12 16 11 2 13 7 18 14 19 
27 25 28 2 13 15 14 16 20 
21 
11 15 6 30 14 18 28 24 19 12 27 5 22 
14 29 7 13 30 6 17 15 28 24 25 8 19 22 18 2 9 20 12 5 11 27 0 
5 20 17 7 8 30 19 23 27 25 24 
19 20 28 7 12 18 11 13 2 16 27 14 15 25 
10 3 12 25 4 21 15 28 20 19 14 16 13 7 2 18 27 11 0 
19 13 7 2 12 0 
27 28 
22 23 12 14 18 19 9 28 24 6 2 15 5 13 0 
0 
AB O B B A A O A A B O O O O O O A O O O B A A A O B O O A A 
