30
27 1 
25 14 18 6 8 27 17 13 26 2 
8 1 4 9 21 30 25 15 17 3 
1 30 7 25 17 15 27 20 10 5 8 0 
10 5 
14 2 16 7 18 29 1 15 26 25 19 12 8 22 4 27 23 6 
15 25 27 20 0 
25 10 7 20 17 5 1 4 27 0 
7 30 1 8 15 27 21 4 17 3 25 10 5 0 
20 30 17 8 1 5 25 7 10 
29 16 5 19 8 13 27 22 7 30 18 15 28 1 25 17 12 2 14 26 20 6 24 4 10 23 11 
6 22 30 11 12 
7 24 5 4 15 12 30 10 2 23 11 25 8 0 
1 4 13 28 22 7 17 16 27 8 19 15 29 2 14 
8 25 1 4 5 27 17 30 20 7 10 15 
4 30 11 15 22 28 23 7 27 17 2 13 16 
27 30 4 15 5 1 8 25 10 0 
17 25 13 8 11 19 16 4 15 26 6 20 1 24 14 29 7 30 22 23 28 27 10 2 18 
29 6 27 12 17 2 25 20 13 10 1 22 11 26 16 14 8 0 
1 8 20 
9 27 7 5 10 1 20 25 8 15 30 3 0 
29 15 8 23 14 13 6 30 26 1 4 11 5 20 28 16 7 17 19 24 10 18 27 12 25 2 0 
24 20 6 25 18 2 11 19 1 4 7 0 
28 7 27 4 16 1 29 22 26 6 0 
7 15 20 17 8 5 4 10 27 1 30 0 
24 2 29 10 14 8 17 16 1 20 19 0 
17 10 25 30 1 4 8 20 27 
27 5 25 10 30 22 20 6 14 12 23 17 13 11 4 8 15 16 24 0 
7 2 20 23 10 6 14 5 17 25 0 
7 4 5 1 8 30 
O A B O O A O O B O A A A A O A O A A O B A A A O A O A A O 
