30
13 23 25 8 10 2 6 1 
18 8 25 28 13 21 1 9 15 10 5 6 11 0 
22 9 5 6 2 28 18 21 13 11 23 10 15 4 16 25 8 0 
3 10 11 23 6 28 18 25 15 8 5 0 
8 2 0 
9 18 23 13 21 11 5 25 1 28 8 2 10 15 0 
18 30 17 21 27 12 19 6 11 5 2 7 
28 11 13 2 18 5 23 8 
6 10 28 25 15 5 21 11 23 13 2 18 1 8 0 
18 1 6 10 
28 2 5 15 10 18 6 1 23 8 11 
28 2 6 17 5 11 9 25 1 8 15 10 18 19 14 13 24 21 29 0 
5 1 10 18 23 9 11 21 2 28 0 
25 27 7 26 13 24 19 1 28 8 6 18 10 15 0 
2 21 1 28 15 
23 25 2 8 11 16 
9 18 1 10 14 21 15 30 24 27 11 25 29 12 6 19 26 13 28 23 17 
28 13 5 6 15 2 23 8 21 10 1 25 0 
21 20 9 7 13 28 23 6 8 11 25 17 30 12 24 1 2 27 15 5 10 29 14 26 0 
17 6 14 23 10 28 5 29 18 24 1 15 25 11 7 27 9 13 30 19 21 8 2 12 26 20 
25 5 28 23 8 1 10 2 6 11 13 15 9 18 21 
2 8 5 10 18 16 25 23 0 
8 28 18 15 1 13 2 6 10 5 11 25 0 
12 9 8 5 27 1 10 23 14 11 25 26 13 17 29 2 7 28 6 15 24 
5 28 6 10 15 1 2 21 8 13 18 23 9 0 
8 18 10 26 
15 0 
0 
6 25 21 10 2 11 9 5 27 24 12 29 
27 10 26 25 2 24 19 13 14 21 17 23 1 5 12 8 18 28 7 30 
O O B B O O A O O O O A O A O B A O A A O B O A O A A O A A 
