30
12 25 5 24 14 18 20 6 21 16 17 11 22 4 29 26 27 15 30 28 9 8 10 19 2 1 
18 3 11 13 7 9 2 
9 13 7 18 0 
3 9 25 26 23 13 11 8 15 4 
8 25 3 2 13 18 11 10 5 
21 5 20 22 13 10 18 12 11 4 8 19 29 24 30 25 9 26 7 23 28 15 14 6 
9 13 11 3 2 10 0 
22 25 9 2 26 10 13 18 5 8 
22 7 10 2 18 26 25 3 5 8 13 11 9 
0 
26 13 25 22 0 
26 21 29 13 30 17 6 0 
26 5 7 8 11 13 
7 20 11 5 23 24 19 13 8 14 
25 7 13 22 17 3 12 9 21 11 14 2 10 30 26 8 19 16 24 5 20 6 4 23 29 28 18 15 
8 15 9 0 
26 22 16 30 12 25 24 9 19 23 14 13 29 11 4 7 3 6 5 20 17 
10 7 26 22 3 5 11 8 18 
17 24 28 2 7 19 
26 20 
14 15 21 
26 8 13 18 9 7 10 5 2 11 3 0 
11 13 30 14 24 2 19 25 6 15 5 8 10 23 
15 4 14 23 0 
11 7 10 2 22 5 25 
2 5 13 22 11 7 8 25 3 9 0 
10 18 22 2 11 13 8 0 
4 19 12 6 22 2 16 9 21 17 5 8 10 20 7 14 11 29 26 13 23 25 30 3 15 18 24 28 
10 24 5 15 25 18 4 26 9 28 7 20 16 29 
10 22 25 5 12 19 24 7 0 
AB O O A O A O O O O O A O A A A A O A A A O A A O O B A A A 
