30
23 20 4 22 30 29 25 1 
4 7 20 22 6 5 27 25 30 12 9 18 24 8 10 15 19 29 1 3 17 23 26 11 14 28 2 
28 25 15 19 14 7 8 5 18 10 6 27 9 20 29 30 26 3 
29 23 25 1 20 22 6 11 28 4 
12 8 17 24 4 20 1 28 25 14 19 15 10 18 6 11 9 3 30 29 0 
30 28 6 
6 8 15 10 24 4 9 20 11 2 1 25 14 5 22 29 18 30 23 12 3 19 28 7 
30 12 23 4 20 27 19 22 14 5 26 11 2 25 15 1 18 10 29 9 7 17 8 
23 26 3 6 17 14 0 
24 4 10 
0 
5 3 22 29 0 
11 19 4 7 28 12 16 3 8 27 6 23 22 20 9 17 24 1 18 2 13 
4 11 5 28 8 23 30 17 0 
27 11 26 4 29 15 
6 11 16 
24 1 15 7 20 3 11 4 10 27 2 25 19 22 26 8 17 
15 28 2 3 18 
23 26 4 9 12 28 5 14 20 8 7 17 11 10 3 30 24 29 6 25 18 0 
22 20 
21 
29 20 6 11 25 1 4 22 
22 29 20 1 11 4 6 25 30 28 23 
3 22 20 6 15 28 1 0 
28 6 11 22 20 4 29 1 23 25 
15 29 25 19 9 22 17 28 3 4 12 23 5 7 8 24 18 30 1 2 11 0 
15 28 10 1 6 4 19 29 24 23 11 25 20 17 9 18 22 5 2 3 8 26 12 7 30 14 0 
28 
1 28 25 4 23 22 20 11 30 29 
0 
O A A O A O A A A A O A AB A A B A A A O B O O A O A A O O O 
