30
4 24 11 0 
8 0 
14 24 6 25 16 5 15 28 20 0 
9 24 3 0 
2 9 5 
24 2 4 28 11 5 15 18 25 9 14 16 6 
13 3 28 23 16 10 21 4 5 20 2 12 19 26 6 15 25 14 0 
3 14 4 6 18 15 20 9 5 28 0 
9 
26 15 18 0 
6 18 2 20 9 15 8 5 3 24 16 14 25 4 0 
28 26 12 
13 
25 28 3 4 11 6 14 
6 14 28 4 18 3 9 2 11 20 25 0 
4 18 14 28 16 
11 22 10 25 28 21 16 8 14 19 7 13 20 3 9 5 24 15 27 4 6 2 23 12 26 18 17 
3 24 16 9 5 20 8 2 4 6 25 0 
7 19 
14 2 3 18 20 
19 6 10 3 13 29 26 16 22 5 2 0 
12 18 23 14 6 29 20 5 10 28 11 9 8 24 2 17 22 
9 21 24 13 22 10 27 6 14 5 8 11 25 19 29 3 15 28 12 18 26 4 7 16 2 23 
9 28 0 
15 5 2 20 9 25 
12 22 9 10 6 27 23 19 7 4 3 29 28 11 24 25 18 8 14 13 2 21 17 20 5 16 0 
5 24 26 4 0 
24 2 3 15 18 4 0 
5 20 12 15 3 11 13 16 7 24 19 9 4 10 6 0 
1 14 5 24 6 4 25 20 11 18 0 
B O O O O O A O O A O A A O O O A O A O A A A O O A A O A B 
