30
24 6 11 16 21 10 13 26 7 15 29 0 
27 0 
26 13 21 30 12 2 19 29 24 1 14 4 18 23 6 11 15 27 8 9 3 
27 11 7 13 0 
7 21 24 29 6 0 
10 15 11 29 13 24 16 14 26 21 6 
26 6 16 29 13 7 
12 13 27 11 23 18 15 3 19 7 8 
0 
13 0 
24 29 6 13 10 21 14 16 15 0 
0 
21 10 7 16 15 29 14 6 11 1 24 13 
6 15 11 0 
1 15 
1 6 21 15 29 24 11 0 
1 7 24 11 22 13 6 26 5 29 17 
3 27 14 1 6 30 12 10 23 11 4 16 8 2 0 
7 12 4 2 29 16 28 3 13 1 14 26 23 10 18 15 11 30 0 
7 19 11 15 6 28 13 26 20 
24 15 14 26 21 
15 21 11 7 5 14 1 17 16 6 29 26 10 13 22 
27 2 15 12 0 
11 7 21 1 26 0 
0 
13 21 10 7 24 11 6 26 
30 15 13 28 24 18 1 9 19 27 
9 30 0 
26 13 1 14 6 21 16 7 10 11 0 
8 27 19 11 12 18 6 15 23 24 10 13 29 4 7 26 21 9 0 
O A A A B O O A A O O A O O O O B A A AB O B A O B O A A O A 
