30
20 8 17 2 11 15 5 21 4 18 13 28 10 22 24 23 12 29 1 
3 27 26 18 7 12 10 4 29 17 15 2 
2 18 21 10 17 4 29 15 26 3 
12 28 21 2 0 
14 29 27 2 3 8 10 26 21 18 4 28 7 17 12 15 5 
0 
8 5 28 15 26 3 21 4 14 29 17 18 12 0 
14 7 26 21 0 
27 20 15 3 17 10 8 5 25 18 9 
7 5 28 26 14 27 17 4 29 0 
0 
4 14 29 7 12 
2 24 28 14 26 29 17 12 30 8 18 21 16 6 10 11 15 0 
15 8 21 26 7 17 29 12 2 5 3 14 
12 28 8 4 7 21 3 5 26 18 10 0 
23 24 5 14 3 19 12 29 18 28 30 26 7 21 27 10 8 13 4 15 0 
4 15 27 10 26 8 21 29 5 17 
28 10 12 27 0 
8 5 0 
8 15 26 12 9 10 2 5 7 14 25 17 21 3 29 28 4 27 0 
2 26 3 28 29 15 27 4 14 18 17 12 5 10 7 8 21 
29 14 5 3 23 26 20 24 28 18 16 17 4 27 25 6 1 21 0 
26 24 7 28 3 16 13 19 15 17 12 30 27 10 14 11 8 21 18 29 23 
21 10 11 29 27 4 15 8 7 30 2 18 5 14 16 19 23 24 
0 
27 7 18 2 29 15 8 17 28 10 12 21 14 26 
17 14 18 7 2 12 29 21 15 26 10 4 8 5 27 
7 29 12 5 21 10 27 26 17 8 14 18 2 3 15 0 
5 26 21 8 28 27 18 4 2 14 0 
18 19 14 15 12 23 21 3 28 7 5 26 27 29 2 11 8 4 10 16 13 17 24 30 
AB O O O O A O O B O A O A O O A O O A B O AB A A B O O O O A 
