30
6 19 22 30 17 9 8 12 7 15 1 
18 5 14 13 15 22 2 
28 20 15 7 0 
0 
15 9 17 28 12 5 
15 6 
30 17 22 6 23 19 18 15 9 5 14 2 1 12 0 
7 5 2 14 30 22 28 18 17 13 15 9 1 19 12 23 6 8 
6 17 28 7 22 19 2 18 15 13 14 23 8 12 5 0 
8 11 22 15 7 4 6 18 12 19 17 5 23 29 27 2 1 14 9 28 30 13 24 10 
18 23 6 2 5 4 22 14 17 30 10 19 16 24 15 29 7 13 9 12 28 8 11 
6 0 
14 23 8 28 19 15 30 0 
22 17 8 18 5 7 23 6 12 30 1 19 13 28 2 0 
0 
6 10 29 9 22 7 19 14 1 11 2 15 30 24 13 17 23 4 12 0 
17 
30 14 15 7 28 9 0 
28 14 9 0 
28 18 1 13 17 23 12 8 3 20 
4 1 20 14 16 23 12 19 10 29 15 21 
22 
18 12 2 14 5 15 1 30 7 22 8 28 9 6 23 
4 10 24 
0 
24 28 5 15 27 20 14 25 17 16 9 8 3 0 
29 16 18 8 10 14 6 11 5 4 30 24 9 23 12 17 13 2 22 28 19 7 15 27 
9 1 23 19 13 22 15 14 28 
15 29 
15 23 19 14 1 6 12 22 28 8 17 5 7 2 18 9 13 30 
O O B A O O O O O A A O O O O A O O O B AB O O A AB AB A O A O 
