30
11 7 5 20 10 1 
11 14 22 28 26 6 17 5 9 0 
10 13 14 22 16 28 29 11 4 2 26 1 8 5 20 17 9 23 27 3 
18 2 28 30 19 21 22 1 11 10 5 14 9 8 26 23 7 29 13 12 3 4 
22 27 14 21 11 10 20 6 30 9 29 26 13 5 
29 0 
29 27 28 13 5 1 3 4 24 11 19 8 16 0 
16 15 6 12 13 8 
11 29 2 10 30 14 9 
11 13 29 21 17 28 5 27 6 30 2 20 22 0 
17 21 6 30 5 13 9 20 10 29 28 27 2 22 14 11 
15 6 2 10 27 18 16 29 30 19 26 24 7 23 9 8 5 13 1 11 3 12 
27 0 
2 5 14 
5 8 9 18 19 26 0 
9 23 17 15 0 
0 
29 7 19 20 28 8 24 2 21 5 11 22 9 18 
22 17 0 
6 11 10 21 26 17 22 5 0 
28 29 26 0 
13 28 21 14 29 2 11 22 
22 29 19 5 7 20 15 24 4 2 11 14 30 26 10 25 17 21 28 0 
15 13 29 6 20 28 7 5 9 19 26 14 24 
20 24 19 10 17 29 30 9 21 12 7 22 27 23 16 25 
27 6 9 28 5 10 11 21 30 29 26 
2 5 22 26 28 20 10 21 0 
22 30 11 5 6 10 17 20 29 13 2 14 26 21 27 9 0 
10 29 
30 
A O A A O O A A O O O A O O A A O A A O O O A A A O O O O O 
