30
0 
17 29 12 2 
18 12 3 
30 14 17 22 26 12 5 13 16 20 15 7 27 18 29 21 4 
14 5 
10 29 7 14 20 5 27 9 30 22 13 3 16 18 17 6 
26 23 17 7 
2 17 29 1 27 9 26 4 10 22 6 20 12 23 30 16 5 15 14 7 13 18 3 21 0 
6 7 5 21 23 3 17 13 26 30 1 10 27 0 
14 3 26 10 
7 18 16 8 22 24 28 14 1 5 17 3 12 15 20 25 4 23 2 30 21 13 29 9 26 10 19 6 27 11 
23 3 21 14 29 10 18 5 7 26 1 0 
18 15 29 3 10 27 6 21 23 17 12 7 5 8 22 9 20 2 0 
18 17 1 3 0 
20 6 1 0 
0 
23 0 
3 14 17 5 26 23 10 12 18 
5 18 28 10 24 25 7 29 1 21 3 12 26 0 
1 23 17 27 30 0 
14 5 12 18 17 23 26 3 7 1 10 29 0 
13 12 3 16 29 17 0 
3 1 17 10 5 14 29 18 21 7 23 
14 23 17 28 18 21 24 
24 21 18 23 14 3 17 0 
1 17 5 26 
7 6 23 0 
5 12 3 18 14 24 26 25 21 7 10 1 17 19 23 29 0 
5 12 18 26 1 21 14 0 
17 21 29 26 16 2 6 8 18 4 7 1 23 12 14 15 3 22 30 
O A O A O A O A A O AB O A O A A O O B A O A O B B O A B O A 
