30
10 5 9 2 16 4 6 30 8 3 28 11 20 17 21 15 23 27 18 14 0 
19 5 30 15 21 20 10 0 
17 0 
8 30 11 29 6 25 9 18 12 5 2 27 16 19 13 3 21 14 17 15 23 20 1 10 28 0 
16 28 9 12 17 3 0 
23 12 25 5 21 10 20 0 
17 29 10 9 23 16 22 0 
11 8 
15 13 3 29 23 0 
17 13 28 0 
6 9 13 14 2 30 12 21 18 29 19 10 4 23 27 16 5 25 1 0 
17 10 15 3 5 29 12 
29 15 16 9 28 23 17 13 
20 17 16 27 10 29 30 13 12 1 2 21 3 9 5 11 25 19 15 8 6 23 0 
12 10 17 0 
15 5 29 28 12 9 0 
17 
3 8 29 12 10 1 23 28 25 6 14 18 
14 30 5 1 20 23 13 25 29 0 
9 1 27 2 6 30 5 16 14 19 23 18 0 
19 9 16 3 29 4 17 28 15 0 
5 13 23 10 28 16 17 0 
15 13 17 28 29 10 12 5 16 23 
26 13 0 
13 28 5 8 20 23 10 6 16 9 17 21 11 3 29 18 19 2 1 15 14 4 25 
28 3 7 12 5 24 13 9 26 
29 19 13 14 4 10 21 11 6 16 25 15 9 8 1 30 17 0 
5 13 0 
5 16 28 17 13 23 15 12 9 10 29 
28 23 21 4 19 6 2 25 14 18 29 0 
A A O A O A B A O O A O O A O O O A A A A B O B A B A O O A 
