30
20 17 7 10 24 26 6 8 5 1 
10 24 19 22 7 15 5 12 28 17 14 23 20 11 29 27 1 0 
0 
9 5 13 4 
6 10 17 28 21 8 29 22 7 0 
22 20 7 24 6 
20 28 21 6 7 
22 0 
5 9 
5 17 8 22 7 10 
28 8 25 15 24 20 10 12 19 22 7 16 17 30 18 23 13 21 0 
6 20 0 
14 12 8 10 15 24 18 11 17 6 5 29 25 20 7 21 23 30 28 19 22 3 16 13 
12 6 28 17 8 19 21 7 23 10 15 30 22 20 25 29 5 3 16 18 14 
23 7 19 16 24 30 13 11 22 3 17 29 6 28 10 21 15 
28 0 
21 0 
28 20 5 8 6 13 23 17 24 3 15 10 16 11 0 
21 22 6 3 12 25 29 23 10 0 
24 6 21 29 8 7 10 17 28 20 
7 10 24 0 
6 29 17 20 8 10 7 5 24 28 21 0 
13 29 30 15 28 17 3 12 20 25 21 23 
21 7 10 5 29 0 
5 23 6 8 19 21 20 3 10 7 11 24 30 17 18 12 29 22 0 
7 6 17 20 24 26 
26 16 15 4 23 12 2 25 13 28 21 30 22 24 7 5 9 18 10 11 8 14 6 17 27 
29 5 28 
28 10 5 24 20 6 17 22 7 0 
20 13 16 18 11 8 5 12 21 3 14 17 0 
B AB A AB O O O O B O A A A A A A O A A O O O A O A B AB O O A 
