30
17 20 9 10 7 0 
24 22 9 13 5 25 2 
17 20 8 12 1 30 19 9 13 10 23 29 25 3 
9 3 26 23 8 24 20 1 6 17 16 7 12 0 
12 23 22 5 
29 15 4 23 10 1 25 8 3 16 24 9 17 12 6 
1 8 3 13 22 10 29 23 9 19 24 20 12 25 7 
20 22 24 7 10 9 23 17 1 8 
3 10 13 30 22 12 9 
1 12 23 7 13 29 25 9 22 19 17 8 20 30 24 10 
19 20 25 17 28 24 8 1 18 29 13 23 2 14 12 10 22 27 9 30 3 0 
0 
1 23 29 7 17 25 30 24 8 0 
14 
19 17 7 8 1 25 30 12 22 13 6 26 3 23 10 24 16 20 4 29 0 
8 10 6 12 29 26 19 1 13 15 9 23 22 20 7 3 25 4 30 24 17 16 
25 29 30 24 20 13 1 12 3 10 22 19 9 7 23 8 0 
8 21 28 30 27 3 10 0 
20 3 23 8 30 22 17 10 12 7 29 9 13 1 24 0 
23 24 25 12 8 29 20 
11 5 20 12 3 1 17 21 
25 17 12 9 8 23 19 24 10 13 29 30 1 7 20 22 
24 8 25 17 7 10 13 3 20 30 19 12 0 
17 10 7 22 20 13 30 8 23 25 1 9 29 24 
3 25 
25 24 7 4 6 19 9 16 15 30 29 26 
2 13 28 3 19 8 20 23 22 21 18 0 
29 3 23 17 5 18 2 9 28 
17 10 12 30 19 22 23 13 9 24 29 
1 19 17 22 24 7 3 29 25 20 13 9 23 8 0 
O A O B A B O O O O A O O A B B O A O O A O O O O B A A O O 
