30
24 23 25 3 21 2 15 26 11 17 28 29 1 
0 
23 24 15 1 0 
2 24 28 14 3 26 15 1 23 11 5 21 0 
15 28 29 14 18 4 24 12 23 5 
23 21 26 8 13 0 
25 17 11 27 1 6 16 26 0 
26 17 15 19 11 1 16 21 13 7 28 25 23 29 30 3 2 27 24 10 6 8 
22 25 23 2 29 30 14 6 5 11 8 12 13 0 
16 25 17 28 8 3 11 2 24 29 19 6 15 13 27 26 23 21 0 
24 1 3 15 21 25 2 0 
25 3 23 4 17 1 5 24 2 20 26 29 14 11 12 
10 23 28 7 6 17 16 30 27 1 25 3 26 24 19 29 0 
1 20 4 18 24 15 23 11 14 
15 
23 7 13 19 2 16 
15 26 17 
23 17 14 12 21 25 26 3 29 15 11 24 5 4 20 28 18 
27 8 16 7 17 10 0 
28 17 21 4 3 11 25 26 2 14 12 18 24 23 1 29 5 15 0 
24 17 0 
21 30 7 15 24 14 17 13 11 23 20 16 27 25 8 28 9 2 19 12 1 18 26 4 5 6 29 3 10 22 
1 2 17 29 24 28 26 11 21 25 3 0 
28 11 29 0 
11 2 24 21 28 0 
17 26 
13 21 26 2 11 23 25 3 15 1 29 30 16 10 0 
15 29 17 21 24 1 3 2 25 0 
28 15 0 
15 19 7 6 10 13 21 17 2 24 29 11 1 3 16 0 
O O O B B A A A AB A O B A B O A O B A B O AB O O O O A O O A 
