30
15 19 22 24 28 4 0 
8 20 16 30 26 13 25 22 19 29 12 15 6 10 3 4 21 7 1 23 18 9 14 28 27 11 0 
24 3 
24 0 
24 7 3 0 
9 23 28 11 17 16 24 27 30 1 7 14 10 3 8 26 0 
4 0 
23 26 1 20 3 19 28 0 
10 28 12 24 30 21 19 23 22 4 17 1 6 15 3 20 29 0 
27 28 12 22 24 8 15 0 
25 18 3 23 29 24 0 
4 19 27 8 10 12 
18 12 19 10 20 24 11 15 8 0 
3 27 25 26 24 19 13 6 4 23 22 16 0 
4 22 12 20 28 27 8 7 26 10 19 3 23 24 0 
17 13 12 7 18 6 10 19 24 29 22 30 11 25 20 26 4 23 9 3 1 15 8 2 28 14 16 
24 2 26 25 16 15 14 22 27 11 13 10 30 4 23 20 7 9 18 1 21 12 28 19 3 8 6 0 
30 13 12 26 28 8 27 21 9 14 23 4 7 10 0 
15 7 10 1 28 12 26 22 27 20 8 4 24 19 
22 4 20 
22 11 1 19 21 
20 24 19 15 10 27 4 0 
4 8 28 19 26 3 7 10 15 22 27 12 20 24 23 
4 8 10 22 3 28 27 15 12 23 19 1 0 
16 8 26 29 22 19 1 9 18 28 20 3 2 6 25 
28 27 19 10 1 8 15 23 7 24 20 3 0 
4 8 23 27 
8 12 26 19 24 3 27 15 4 23 7 10 28 
10 15 13 6 2 26 27 25 4 7 24 23 14 17 20 30 18 12 28 11 22 16 8 0 
8 23 1 20 18 29 10 24 21 7 30 
O A O O B A O O A O A O A A O A A A O O A O O O A O O O A A 
