30
3 18 6 7 8 5 15 4 1 
26 14 2 
21 7 23 0 
9 18 2 0 
14 30 23 11 15 19 13 0 
4 23 10 13 17 9 18 29 5 27 24 25 28 11 22 15 20 1 2 16 7 12 26 21 19 30 3 8 6 
22 13 20 19 3 9 5 0 
2 19 16 10 29 28 26 8 
20 16 3 15 11 14 23 25 0 
21 9 5 27 13 11 14 22 17 16 19 29 26 3 15 10 
7 16 5 3 29 0 
5 10 24 26 21 25 19 17 27 11 22 15 18 30 7 16 12 
23 19 0 
11 23 30 13 22 25 26 16 5 9 3 14 
19 3 23 5 16 25 20 29 21 11 14 13 9 0 
7 20 16 
26 29 5 17 
4 10 11 3 12 2 22 1 16 29 17 7 21 14 26 24 8 15 19 30 9 20 6 23 27 28 18 
25 23 3 15 29 5 0 
14 13 5 16 25 11 21 9 22 20 
14 20 13 26 0 
9 13 14 15 26 3 20 29 16 30 19 0 
26 14 5 20 29 9 13 19 25 7 11 15 0 
18 1 24 
21 22 30 15 19 23 14 13 9 11 26 5 25 
22 21 23 11 3 26 
14 29 28 22 6 4 19 9 5 11 3 16 21 7 20 10 1 24 26 25 2 12 30 17 13 8 27 
26 22 19 23 10 15 30 4 1 21 6 25 16 29 18 8 5 13 17 20 9 2 7 27 24 14 28 
26 30 13 16 15 14 23 22 11 7 20 5 3 9 21 25 29 
19 3 23 16 21 7 14 29 13 5 0 
A A O A O A O A O A O A O O O O A A O O O O O A O O A A O O 
