30
22 17 10 26 2 11 12 23 5 3 4 25 13 6 27 29 21 15 24 1 
21 26 27 17 16 9 20 6 11 28 4 18 2 
21 18 20 30 13 27 15 7 2 4 22 26 8 16 11 29 9 28 23 14 10 25 17 3 
23 29 15 2 3 6 28 16 11 8 30 20 22 13 7 19 0 
29 7 21 23 22 0 
29 6 
25 8 29 9 10 23 14 22 15 6 21 0 
25 11 29 21 15 0 
10 14 11 23 22 7 25 8 29 15 21 0 
11 7 6 9 29 22 8 14 23 21 25 10 
15 14 7 8 10 25 6 21 9 23 29 0 
9 15 17 22 21 8 1 16 4 25 26 28 13 19 30 27 2 14 23 18 24 6 10 11 5 20 29 7 12 
2 22 8 10 16 3 26 25 21 18 7 29 4 15 0 
0 
14 7 29 25 21 9 6 23 22 8 11 0 
6 18 14 19 26 2 23 20 22 9 13 30 15 7 17 8 16 
22 6 13 18 9 19 21 23 2 7 30 28 10 26 29 4 20 15 11 16 8 3 17 
23 0 
22 10 14 27 19 
16 26 10 14 20 
15 11 21 
21 8 9 7 14 6 25 29 10 22 
15 10 14 23 
10 7 6 14 9 8 5 25 22 15 21 11 23 29 0 
0 
28 4 29 11 6 27 15 22 23 8 7 20 17 14 25 19 18 16 10 26 
6 9 2 29 16 18 26 3 8 28 4 11 0 
17 18 10 29 4 14 7 23 30 2 26 6 0 
7 14 8 29 
29 13 27 4 26 21 11 8 7 28 22 9 17 6 10 20 15 23 14 25 19 3 16 2 30 
AB A A A B O O O O O O AB A O O A A A A A O O O B O A A A O A 
