30
9 25 27 3 8 30 19 12 18 29 14 4 7 5 17 2 26 6 1 
0 
25 26 17 9 1 22 27 8 0 
25 17 7 14 21 26 27 15 10 20 9 30 8 12 18 2 5 22 19 29 6 16 1 0 
19 29 15 25 14 0 
14 16 18 22 12 15 29 10 26 3 7 2 8 20 0 
20 6 10 2 19 17 16 30 5 25 23 22 29 27 15 14 26 18 8 4 12 1 3 21 9 7 
21 30 2 20 0 
12 14 8 10 2 23 26 27 30 9 
19 23 12 8 2 9 26 29 30 14 0 
26 9 10 2 28 11 
2 12 
30 2 20 14 9 12 19 29 28 13 
29 27 21 19 10 0 
12 15 
4 1 6 10 17 12 3 29 9 25 18 15 14 21 5 27 23 2 30 22 19 26 20 7 0 
21 30 15 22 19 17 
4 22 9 16 17 21 2 23 25 19 12 20 29 6 14 1 15 10 8 26 7 5 0 
2 9 27 23 8 30 29 26 14 12 10 21 20 0 
8 9 26 21 30 23 2 14 19 10 0 
21 
22 
27 14 9 29 12 2 20 30 23 
13 27 19 28 30 0 
10 27 14 4 19 30 8 17 29 23 18 0 
8 2 23 12 29 10 21 0 
21 2 12 20 10 8 19 23 9 14 29 30 0 
26 14 11 13 0 
8 14 26 23 10 19 0 
21 2 12 8 9 14 10 30 
A O A A A A A O O O B O B O A A A A O O O A O B A O O B O O 
