30
3 27 26 21 8 17 0 
20 10 27 2 
10 22 9 4 19 12 26 25 17 23 21 20 18 0 
26 22 10 3 18 12 17 21 19 27 0 
12 22 4 16 19 20 29 23 0 
24 26 18 19 20 8 22 9 21 25 13 11 2 12 30 15 27 3 17 10 7 23 1 0 
1 13 26 10 3 7 
0 
18 27 12 3 21 0 
19 10 
4 21 26 30 27 10 15 25 13 1 20 0 
4 12 
26 7 30 0 
24 5 4 17 3 23 28 29 10 1 8 16 20 7 26 18 30 22 11 6 27 12 2 9 19 0 
4 21 17 2 10 0 
9 29 20 19 3 22 12 16 
18 26 10 3 12 22 4 23 19 0 
3 19 20 4 12 17 25 26 21 10 18 
20 26 18 21 25 4 10 17 3 22 27 23 19 
18 10 12 21 17 23 4 20 
23 4 0 
4 23 21 12 26 18 9 19 20 27 0 
4 3 12 20 19 26 25 9 27 18 17 22 21 23 
17 22 30 15 25 1 2 12 6 20 7 0 
19 20 12 27 0 
10 20 12 3 18 21 23 9 22 25 19 27 4 0 
25 26 22 18 9 23 19 20 3 17 4 21 10 27 
18 22 10 29 20 25 19 16 4 12 3 17 21 27 26 9 5 23 0 
27 18 10 12 9 3 22 23 28 20 17 19 25 21 4 5 26 29 
18 19 9 22 11 26 23 2 1 8 27 7 17 13 10 4 21 3 24 25 6 20 12 15 0 
A A O O B A A A O O A O A AB A B O O O O O O O A O O O B B A 
