30
3 10 23 19 2 15 21 29 25 16 5 20 6 9 1 
10 21 14 7 29 13 9 16 22 8 0 
13 15 22 18 5 8 19 1 24 9 14 29 2 20 23 17 11 26 10 3 
16 4 
14 8 21 16 5 
20 7 2 13 9 10 0 
14 5 9 21 0 
29 9 16 14 22 5 8 
5 29 14 2 25 13 10 21 7 22 8 16 0 
13 21 8 9 5 7 29 16 25 2 0 
16 11 
8 5 2 30 21 16 22 13 25 0 
8 0 
29 16 13 7 22 0 
16 25 29 15 
21 5 9 22 0 
7 8 10 9 26 6 24 19 23 18 29 3 11 25 14 20 13 17 
17 21 22 6 13 8 16 19 27 3 26 20 15 11 0 
14 24 7 1 26 8 17 18 15 10 22 13 16 6 20 21 2 5 23 29 9 19 
8 27 26 9 10 23 2 11 17 18 22 13 5 16 19 21 25 14 6 7 29 20 
29 0 
5 7 8 21 16 13 0 
2 14 5 9 1 25 16 27 10 0 
29 3 18 2 22 21 14 20 27 8 25 24 
13 10 7 21 16 25 
17 21 6 27 1 16 11 25 14 19 26 
18 1 13 6 11 17 24 14 5 2 15 21 22 7 0 
3 17 16 15 25 22 5 30 12 4 29 26 8 28 
16 9 10 5 7 8 14 13 21 2 29 
0 
A O A B O A O O O O A B O O A O A A A A O O A A O A A AB O B 
