30
22 30 26 23 27 19 1 
24 19 15 29 16 20 25 8 27 4 17 22 12 13 26 9 18 1 2 
30 25 12 18 26 29 23 3 
29 15 9 23 1 2 17 5 20 24 28 12 27 8 25 11 22 26 7 13 16 30 3 19 4 
30 29 18 3 27 1 25 12 26 7 19 20 23 0 
17 24 12 14 28 18 9 0 
26 0 
16 24 26 3 8 
22 7 12 29 23 16 13 11 25 26 5 24 30 17 18 4 27 2 20 1 28 8 14 3 15 9 
7 3 29 0 
13 14 22 4 24 0 
0 
28 8 5 25 4 18 19 16 30 17 0 
27 8 12 9 22 0 
22 2 23 19 14 1 30 15 
29 3 30 5 12 2 0 
27 9 3 1 2 13 19 24 4 18 16 30 11 28 29 8 20 25 22 17 
30 27 20 12 5 22 7 1 19 3 26 23 0 
20 0 
0 
19 27 10 7 18 23 29 26 22 21 
20 1 7 5 27 25 19 18 22 
3 18 20 0 
4 18 14 24 
3 1 27 29 22 26 18 30 19 23 25 
23 5 0 
0 
19 27 5 4 23 2 17 9 20 15 18 14 7 8 25 13 29 22 3 1 30 12 28 
26 19 12 22 25 3 30 1 27 18 20 7 29 
20 22 27 23 29 5 26 1 12 7 0 
O A O A O AB O A A B A O A A A A A O O O B O O A O O O A O O 
