30
5 13 18 7 14 24 8 1 
13 14 17 7 6 8 18 2 
12 13 22 19 1 8 27 16 15 20 24 29 18 6 11 23 30 7 21 14 0 
24 15 5 16 7 12 18 13 29 6 11 17 8 30 1 14 4 
7 14 15 1 8 17 2 6 16 29 30 11 13 18 4 12 24 0 
2 30 29 24 18 4 16 5 15 11 14 6 
18 1 4 17 29 12 14 24 5 6 16 13 30 8 11 15 2 0 
12 16 0 
17 6 24 25 1 18 21 2 20 19 23 3 13 16 11 12 15 30 27 5 29 0 
7 0 
14 30 24 11 
16 4 15 24 17 12 
14 15 2 8 7 24 1 6 29 30 12 13 
5 16 13 30 14 
16 18 8 6 13 7 12 15 
2 16 
6 30 16 24 11 2 4 7 18 13 8 0 
13 7 29 30 8 11 4 14 17 15 24 6 12 0 
7 17 13 24 5 16 2 14 1 30 0 
6 25 27 1 14 22 16 7 29 2 21 30 8 3 11 23 19 13 9 18 15 5 24 12 20 
20 17 11 2 4 27 18 22 13 9 25 12 15 19 29 1 5 14 24 0 
24 17 9 27 8 13 11 0 
14 15 3 22 6 12 30 29 13 5 2 21 17 23 
15 0 
19 23 2 25 
13 15 8 24 4 10 16 11 14 0 
15 3 9 16 5 4 18 14 20 13 11 6 19 30 25 2 21 17 1 22 24 12 29 27 
10 5 29 13 27 22 11 12 18 4 17 16 3 7 23 8 30 20 25 19 21 0 
1 8 30 2 6 17 29 
24 1 8 5 2 4 11 17 29 15 12 13 6 14 18 30 
O O A O O O O O A B O O O O O O O O A A A A A O A B A AB O O 
