30
0 
6 4 5 0 
17 2 28 7 6 8 0 
23 12 2 7 28 5 25 9 4 
24 12 7 23 14 9 6 17 25 2 28 4 0 
28 14 17 10 24 23 5 0 
4 7 
25 3 24 28 4 10 12 14 9 5 23 7 0 
0 
7 9 2 14 5 12 4 28 23 24 17 6 25 10 
26 20 25 27 18 30 2 19 13 21 6 12 16 1 22 8 23 24 14 5 17 10 29 9 3 0 
4 24 14 25 5 23 2 17 10 12 
4 28 21 9 22 24 25 17 20 13 
6 12 24 25 7 9 10 4 28 14 
26 29 6 9 27 24 4 5 2 18 16 22 20 23 10 28 12 21 25 0 
25 22 24 19 20 26 14 18 29 6 9 23 28 5 4 12 15 7 2 21 17 27 0 
14 25 7 23 10 24 6 12 2 28 9 4 17 
26 12 14 25 21 7 0 
7 24 17 29 14 26 16 22 2 9 6 5 23 28 25 21 15 20 0 
14 2 16 7 21 9 5 0 
9 0 
10 17 16 9 22 
7 25 10 4 6 0 
24 
14 10 24 5 12 17 4 7 6 9 2 25 
0 
20 24 16 10 26 18 4 22 19 23 6 5 0 
10 25 4 9 24 12 7 5 23 6 17 28 
7 22 5 24 15 18 6 14 29 
3 20 1 2 8 7 24 23 28 22 15 21 4 17 5 12 13 6 18 16 9 19 11 10 25 29 27 0 
B O B O O O O B O O AB O AB O A A O A A A A A O O O A A O A AB 
