30
0 
23 16 1 28 8 27 29 19 20 3 30 0 
6 19 27 8 16 23 28 29 7 20 1 30 17 2 3 
2 16 4 
18 29 30 13 26 10 28 23 24 6 19 5 
23 1 6 
27 16 1 20 2 30 28 23 3 19 17 8 29 0 
17 27 29 16 6 19 2 20 1 23 0 
2 7 30 13 10 4 25 24 1 9 
13 18 3 2 7 16 5 9 11 15 29 17 27 8 28 19 6 1 25 26 4 23 14 20 30 24 0 
13 11 
16 21 20 2 12 
2 1 6 15 25 11 14 9 8 26 28 16 18 23 10 20 19 5 29 17 4 30 24 7 27 3 0 
15 26 5 7 23 10 11 30 3 6 4 20 2 24 18 25 9 17 16 27 28 8 1 29 13 19 0 
5 11 16 30 24 6 20 2 23 27 8 19 29 3 7 18 26 0 
6 23 20 1 17 19 3 2 30 27 7 8 0 
28 2 29 23 20 30 7 16 27 19 3 1 17 
1 30 7 19 26 15 16 28 2 14 17 5 13 24 11 10 27 25 3 29 4 18 
0 
16 2 6 1 0 
0 
27 20 19 17 29 1 16 3 2 8 28 23 6 12 30 7 21 22 
27 29 16 7 3 19 6 30 8 0 
24 
9 5 30 19 17 13 4 18 1 24 23 14 8 20 3 10 0 
13 30 14 23 15 28 4 19 7 11 10 2 24 1 25 5 9 29 8 6 20 26 
8 29 1 28 30 19 0 
3 28 
7 17 28 2 27 19 6 3 23 30 1 8 16 0 
16 27 3 29 8 7 20 17 19 23 6 28 2 30 
O O O A A O O O A A A B A A A O O A O O B B O A A A O O O O 
