30
0 
21 27 11 15 7 0 
20 1 2 7 27 0 
29 13 11 4 
3 27 21 14 0 
30 15 7 26 18 3 21 27 23 8 22 28 0 
22 21 27 29 25 20 1 11 3 2 15 0 
21 8 
3 11 18 14 23 0 
6 28 14 18 30 29 5 17 27 26 23 9 4 1 21 19 25 0 
22 1 15 25 7 20 29 2 27 21 3 0 
16 29 13 3 4 21 11 19 15 1 27 25 22 7 0 
29 13 
7 29 1 15 21 20 27 26 25 30 23 24 2 8 18 6 28 14 
2 7 3 25 0 
4 3 11 27 13 20 29 2 21 15 12 22 19 25 0 
23 30 8 11 18 22 12 5 15 26 20 7 14 21 10 1 13 16 24 4 25 28 6 19 2 3 27 17 
28 24 22 20 25 0 
20 3 4 2 11 1 29 12 13 15 16 27 21 25 7 19 
11 0 
21 
22 
22 24 7 15 20 9 21 11 1 0 
28 20 22 15 9 27 7 1 21 25 30 29 23 26 14 24 
0 
5 6 11 26 
11 1 3 7 20 15 25 0 
11 18 28 
20 7 11 21 22 0 
30 
O O O B A A O A A AB O B B A O B AB A B O O O A A O A O A O A 
