30
4 8 18 15 5 21 0 
1 21 6 18 14 2 
8 21 23 9 15 27 12 7 28 0 
15 4 
14 8 27 6 0 
4 14 9 25 23 28 10 15 26 20 24 17 7 0 
24 20 15 3 28 27 7 
21 3 24 9 8 
12 15 3 28 8 24 19 23 18 27 0 
4 24 19 7 9 22 3 8 26 16 20 17 28 25 1 10 
19 26 1 9 21 8 11 
27 28 15 23 7 9 12 
9 0 
17 15 22 6 27 23 19 18 3 9 11 8 25 12 28 30 1 26 20 7 21 4 10 16 5 0 
0 
26 15 17 12 1 20 16 
11 14 1 6 27 4 10 12 19 23 20 21 24 17 
15 19 21 12 20 8 7 9 28 27 18 
9 15 20 7 21 3 28 23 24 27 12 8 19 
18 12 3 27 20 
3 15 8 28 21 
1 26 11 27 14 23 0 
3 28 24 21 12 7 0 
7 21 23 27 8 15 0 
16 18 8 22 24 1 23 6 14 7 17 5 15 10 26 30 20 28 4 21 3 27 11 12 0 
9 8 28 19 23 1 12 18 10 17 22 11 14 5 26 
8 15 7 23 21 18 0 
19 24 3 9 15 21 8 7 20 0 
24 19 27 9 0 
1 4 5 7 8 26 12 17 9 23 14 16 19 3 15 24 6 30 
A AB O A A A O O O A A O B A O A A O O O O A O O A A O O B A 
