30
24 11 26 2 23 10 12 30 16 19 3 22 0 
3 11 12 6 30 16 23 22 2 
2 10 16 12 1 22 6 24 26 3 
23 29 15 1 27 19 7 3 18 30 25 9 12 17 21 16 11 0 
7 16 24 11 29 25 5 
30 6 
24 19 13 21 30 3 26 25 23 1 10 2 22 14 12 9 16 11 6 20 7 
22 6 16 0 
24 19 13 1 26 3 12 21 22 2 30 7 25 6 14 23 0 
0 
30 2 22 24 6 16 26 23 1 0 
30 11 23 6 19 1 10 2 26 22 16 3 12 
11 7 2 9 10 12 6 3 25 20 16 26 22 21 19 30 23 24 14 0 
7 30 6 9 19 10 2 13 26 22 1 24 23 20 12 11 16 3 14 
11 16 30 27 4 25 26 10 29 23 9 13 7 5 2 22 20 12 14 21 15 
26 11 10 24 22 1 6 2 16 
6 2 24 23 10 8 11 3 0 
3 17 20 8 19 2 27 22 16 7 14 21 29 23 12 24 5 4 28 10 26 25 6 11 15 13 9 18 
23 6 16 24 11 26 12 30 22 2 19 
9 12 10 21 23 1 30 7 13 6 16 3 14 0 
3 9 2 19 21 
3 26 19 10 1 16 11 12 30 6 2 23 22 
12 2 16 23 
24 
16 26 22 6 21 20 11 12 14 19 7 9 25 
2 6 3 24 16 30 0 
17 1 2 30 12 26 28 19 22 6 24 29 0 
23 19 11 0 
6 30 24 23 1 2 29 
11 19 12 23 3 10 2 24 1 22 6 30 
O O O AB AB O A B A O O O A A AB O B AB O A A O O O A O B B B O 
