30
23 4 16 30 1 
27 10 22 20 1 4 9 6 15 24 26 13 19 25 0 
24 1 22 17 21 10 2 6 13 23 30 16 25 9 26 11 4 3 
1 2 20 25 19 27 6 9 13 0 
14 5 
17 20 15 0 
21 17 10 19 30 11 28 23 5 1 8 26 27 20 16 18 13 25 0 
9 8 
27 17 30 26 24 6 20 15 25 0 
3 23 6 21 16 26 17 11 24 13 15 30 25 4 9 20 19 0 
22 9 16 23 19 3 25 24 21 20 17 10 4 30 15 0 
14 26 20 8 9 6 15 30 27 0 
11 10 9 0 
28 12 6 15 30 14 
24 9 20 17 25 26 27 30 0 
13 30 24 26 22 3 4 9 15 25 1 21 27 10 17 20 16 
24 9 15 17 
18 
13 1 20 30 25 10 24 26 21 27 9 2 22 15 23 11 0 
20 
17 15 9 22 2 1 11 16 23 25 13 27 24 3 0 
24 1 13 11 6 2 4 20 10 21 30 9 3 27 22 
21 9 2 0 
20 9 17 0 
0 
20 15 17 27 30 24 26 
24 20 9 26 0 
20 24 17 8 12 27 6 14 28 
24 7 29 
17 9 30 
A A A A AB O AB B O A A B A B O A O AB A O A A A O O O O B AB O 
