30
26 25 22 23 19 0 
10 11 4 25 29 8 26 24 16 13 27 1 18 6 22 12 9 21 2 
26 11 9 30 22 12 25 2 5 13 27 7 21 1 16 10 18 24 8 3 
9 16 1 2 8 17 27 21 7 29 25 10 19 13 12 6 11 5 14 18 23 26 24 4 
17 30 21 18 23 22 29 16 14 26 12 13 11 19 7 25 6 5 
25 12 13 5 29 19 21 0 
26 14 6 29 23 5 16 17 12 22 13 21 11 19 25 7 
25 19 24 7 26 12 22 17 27 3 30 5 23 10 13 6 21 2 9 18 1 14 29 4 8 
7 30 24 4 10 17 3 12 26 2 21 6 13 1 23 16 19 25 29 5 9 
11 2 25 0 
12 6 26 25 11 
13 11 5 25 29 26 30 16 12 
21 12 5 18 14 30 23 25 22 19 7 16 17 11 26 0 
19 21 14 
17 6 19 16 21 25 5 30 26 23 14 18 13 20 29 11 0 
30 21 13 18 5 16 
22 19 12 6 7 17 
5 11 14 19 7 25 29 13 30 12 18 
12 18 29 21 0 
26 30 25 12 17 7 23 5 6 11 14 15 18 0 
16 6 5 23 13 19 7 29 12 14 25 30 22 18 26 11 17 0 
30 13 12 11 16 18 21 5 14 23 0 
26 12 11 6 13 18 14 5 0 
10 2 1 9 29 12 23 3 25 22 7 26 17 27 18 8 21 5 16 13 11 24 
21 16 14 23 0 
12 5 14 11 19 21 13 30 16 23 25 7 18 26 
23 7 2 26 0 
1 30 8 17 18 15 11 25 14 7 12 16 5 21 6 3 2 29 13 22 26 20 28 
22 0 
13 7 22 12 0 
A A A A O O O A A A O O O O B O O O O B O O O A O O A AB O O 
