30
0 
19 14 25 3 24 23 1 16 0 
13 2 19 28 8 27 15 1 24 30 16 14 23 25 21 0 
14 3 29 8 9 27 1 28 16 15 25 2 24 30 21 23 13 12 0 
6 10 16 27 21 15 20 26 5 
2 0 
1 11 0 
28 16 13 14 1 24 8 
23 4 13 2 3 16 1 24 9 
2 5 15 27 11 24 8 20 16 6 3 30 7 28 14 21 10 
22 15 7 26 16 1 14 0 
16 9 14 25 1 3 15 2 27 12 
14 21 24 23 8 1 27 15 30 28 16 3 0 
28 3 19 23 15 1 14 
23 24 16 15 
2 25 24 28 21 16 
25 8 14 7 1 26 30 22 6 11 5 16 13 3 21 27 28 17 
30 8 10 5 21 7 15 14 28 24 16 25 17 23 3 0 
15 1 3 2 21 24 13 16 27 28 19 
1 19 13 21 14 22 23 28 17 30 8 24 2 5 27 6 25 15 26 20 
28 21 
26 17 8 22 
16 25 13 8 2 24 27 3 15 19 30 21 0 
16 21 30 3 2 0 
1 13 3 16 14 21 28 23 15 0 
13 25 21 28 26 
28 21 24 16 30 25 8 23 14 0 
13 1 0 
19 2 12 21 28 9 25 3 8 1 4 16 27 23 13 14 24 30 15 29 
25 14 3 8 2 30 
O O O B A A A O B A A B O O O O A A O A O A O O O A O O B O 
