30
29 23 2 5 15 22 4 27 12 14 17 19 21 18 25 7 24 8 10 30 1 
26 5 9 7 12 16 25 18 22 0 
24 16 19 30 4 12 11 5 27 10 9 15 29 17 26 23 7 0 
12 23 5 11 16 21 25 0 
10 25 22 8 16 6 26 30 9 2 24 12 18 0 
22 0 
6 25 2 12 30 10 0 
16 2 8 
0 
26 24 30 2 10 
3 29 21 5 9 14 23 10 27 26 8 25 18 1 15 7 12 28 2 4 17 16 11 
9 7 2 6 16 22 30 26 25 12 
7 9 10 24 20 13 
27 29 22 19 25 23 28 6 3 16 12 26 2 10 4 24 8 1 11 18 9 17 15 0 
1 6 22 14 18 2 4 3 12 28 25 26 16 5 15 
25 24 7 2 26 18 16 
14 27 26 16 7 30 2 29 24 23 17 
30 12 16 9 24 10 22 8 5 26 7 0 
17 21 18 8 10 19 
0 
14 12 25 24 29 15 17 23 26 8 16 19 18 9 21 
5 18 6 25 24 26 10 9 7 2 30 16 12 22 
2 21 17 29 30 26 25 5 1 11 23 
7 30 2 9 26 24 
16 22 26 7 24 10 18 2 12 25 
7 8 9 25 2 24 5 22 16 30 12 6 26 
24 7 16 29 18 12 10 2 25 6 19 15 14 26 28 17 3 21 9 11 1 5 4 0 
18 0 
10 29 
25 5 18 7 10 6 2 8 16 12 24 30 
A O A A O O O O O O A O B A A O A O A B A O A O O O A A A O 
