30
19 9 29 12 4 22 20 8 17 30 18 25 14 10 27 15 5 3 23 7 16 21 0 
15 7 10 28 20 4 29 21 1 30 26 17 2 
4 7 14 22 26 19 21 30 0 
3 30 19 21 14 7 26 22 4 
1 23 16 7 5 
28 10 17 7 23 27 29 2 12 15 1 11 18 13 19 25 20 9 3 21 4 16 24 8 30 5 14 26 6 
19 22 9 4 14 3 0 
12 7 19 27 8 
30 21 19 22 14 26 4 3 0 
9 14 25 15 21 7 27 12 20 19 4 17 29 13 24 18 3 8 22 1 23 30 26 16 5 0 
22 14 28 7 11 
7 27 16 29 1 18 4 24 14 5 20 15 26 22 19 3 25 12 
8 27 7 19 25 17 3 1 9 21 20 10 5 18 22 4 23 24 14 15 26 29 16 12 30 13 
30 22 26 0 
21 17 8 24 0 
19 17 15 29 1 25 23 18 22 13 10 30 27 7 3 9 14 8 5 20 24 16 
25 7 3 0 
0 
19 
13 26 7 1 18 17 8 4 12 5 15 29 10 24 30 14 9 25 21 27 19 22 20 
7 22 0 
30 9 19 14 0 
1 19 8 3 30 20 22 13 9 27 14 26 7 17 5 12 4 10 24 23 
14 30 22 19 29 15 26 0 
25 
26 
5 14 29 12 18 3 4 13 10 21 22 25 30 1 9 26 15 23 24 19 0 
28 
26 19 13 16 8 21 18 1 27 24 22 3 29 
3 4 14 0 
A AB O O A AB O A O A B A A O A A A A O A O O A A A O A B A O 
