30
29 1 
24 18 8 28 9 7 2 
21 2 26 29 4 19 6 5 22 15 8 0 
4 
18 5 
19 13 0 
22 14 29 7 
28 2 7 11 30 18 24 22 9 14 29 8 
14 22 2 9 
18 7 28 19 12 29 13 4 11 8 1 23 9 16 30 14 21 15 24 22 6 2 26 10 
28 21 30 14 18 22 24 2 0 
18 4 29 28 8 9 16 26 19 11 1 6 7 13 2 15 21 24 14 30 10 22 0 
11 1 21 15 29 23 30 0 
24 7 21 11 8 30 9 4 22 2 29 18 0 
7 13 22 24 6 9 16 30 19 18 14 21 23 11 12 29 26 0 
6 2 29 13 14 28 26 18 22 4 1 12 7 10 24 23 21 15 11 8 30 9 0 
20 21 4 28 2 14 11 7 18 17 
2 7 22 28 30 4 24 8 29 9 11 14 18 
4 18 30 23 9 10 16 13 14 24 28 0 
28 30 24 0 
9 0 
9 30 29 18 11 14 2 21 8 24 4 7 0 
16 8 11 19 23 
4 14 30 0 
18 29 13 12 20 6 17 16 22 23 8 28 10 7 11 26 2 27 30 21 9 3 4 5 1 0 
24 15 7 30 13 1 9 22 11 6 19 28 8 0 
8 29 30 11 7 4 17 28 24 14 20 27 
11 18 2 24 30 21 22 9 8 14 0 
22 14 28 4 8 21 18 9 11 24 0 
22 7 28 18 8 24 9 4 30 
A O AB O B A O O O A O A A O A A B O A B O O A O AB A B O O O 
