30
17 14 18 22 13 9 25 0 
16 17 9 13 27 22 6 14 1 11 10 21 29 2 
4 17 12 1 30 29 6 10 8 20 23 24 9 25 14 15 19 0 
30 12 25 15 14 2 1 23 17 10 11 20 6 7 9 18 29 4 
2 1 16 21 19 25 14 28 29 10 13 5 
2 11 14 18 16 21 0 
11 17 29 15 20 2 10 4 13 27 22 23 14 9 18 8 1 16 12 3 30 25 24 19 6 0 
15 10 12 2 9 6 13 25 11 23 4 21 14 18 1 27 30 24 7 0 
21 17 2 16 25 9 
19 29 9 27 16 21 18 1 11 6 25 2 22 13 17 0 
25 18 22 14 6 17 9 2 11 
4 21 23 13 0 
1 2 9 10 18 6 21 17 19 27 0 
1 21 9 10 29 27 2 16 13 17 6 18 0 
14 1 13 23 3 16 18 30 24 21 4 19 7 0 
21 14 27 2 9 10 25 16 
16 14 19 11 6 1 0 
19 22 29 17 13 6 21 14 9 25 2 16 0 
13 16 1 2 6 22 17 11 18 14 10 21 25 27 9 29 19 
3 22 1 14 18 13 12 9 15 6 30 2 16 29 4 19 7 24 27 17 23 8 20 
10 2 6 25 19 18 14 11 9 27 0 
18 22 
20 19 17 30 22 21 7 24 10 3 25 4 1 12 8 27 6 9 18 29 15 14 23 
14 2 17 8 24 
2 0 
13 1 9 18 5 16 22 17 2 6 21 26 
29 11 6 17 10 18 22 0 
21 22 19 25 11 14 5 16 26 27 6 0 
25 10 17 1 22 9 0 
22 19 20 23 11 2 24 25 29 17 15 6 13 27 18 7 30 
O O A A B O A A O O O A O O A O O O O A O O A A O B O B O A 
