30
27 14 19 22 1 
28 18 19 6 29 4 16 22 9 20 12 23 2 
9 16 19 23 6 18 20 2 28 3 
18 20 23 0 
6 20 1 23 16 14 27 19 28 12 2 26 18 0 
19 2 28 4 20 3 18 9 29 22 12 23 16 6 
23 30 10 28 19 4 15 16 14 29 7 
28 19 9 2 29 12 25 23 18 22 16 3 8 
19 29 18 4 23 6 16 20 3 12 0 
2 15 11 24 27 20 19 12 30 28 13 29 14 3 16 5 22 10 
4 13 5 19 11 
3 16 29 6 18 4 28 12 
29 12 26 4 24 2 10 14 20 0 
4 9 11 29 10 26 7 5 18 14 
19 6 23 20 16 3 22 24 9 13 4 18 7 11 27 29 10 5 1 26 30 12 0 
23 28 22 2 20 3 19 18 4 6 0 
24 3 18 27 23 14 20 4 1 12 10 28 16 17 
19 3 29 6 2 16 9 28 4 18 
16 22 2 12 3 6 23 9 20 28 18 19 
6 3 29 0 
23 19 3 17 2 21 
23 19 20 2 0 
16 3 19 22 18 9 20 2 4 28 23 
24 
29 20 6 9 4 28 8 19 22 16 3 18 0 
19 22 5 26 
22 9 16 18 4 12 29 3 26 2 15 5 6 7 24 11 13 14 19 23 1 10 20 28 27 
16 2 20 18 12 22 4 6 29 9 3 19 23 28 
3 18 20 12 23 22 2 4 6 9 16 28 19 29 
4 30 
A O O O A O A B O A A O A A A O AB O O O AB O O A B A A O O A 
