30
26 4 0 
19 25 30 27 9 12 4 29 3 8 1 22 20 5 18 24 17 11 16 6 13 10 23 26 0 
19 12 11 20 1 7 13 9 26 25 24 4 14 27 10 18 30 3 
3 11 26 13 10 12 25 1 30 9 14 19 7 27 20 18 4 
9 8 18 21 11 19 13 10 20 6 0 
11 29 27 9 26 17 21 22 25 19 23 18 3 20 6 
20 0 
2 5 20 1 9 21 14 26 25 19 17 0 
26 10 20 19 3 1 24 14 12 30 18 25 4 0 
9 18 20 19 1 11 7 30 4 27 3 12 25 24 13 10 
13 9 25 14 20 4 18 10 27 24 1 19 26 7 30 12 3 11 
24 19 9 1 13 26 0 
26 14 10 24 20 13 
10 26 20 1 27 11 13 4 9 0 
4 9 14 24 30 20 27 0 
2 9 19 5 7 10 30 18 23 11 6 26 3 0 
7 26 1 24 22 10 23 5 19 21 18 25 2 6 27 29 8 4 11 12 9 14 0 
24 12 25 10 7 19 1 30 11 0 
30 11 24 26 25 3 7 0 
7 13 14 12 10 26 20 
14 25 24 21 
20 7 23 14 16 5 24 12 17 3 6 26 4 9 30 10 21 11 19 29 2 25 8 13 18 22 
6 13 8 21 10 20 7 29 19 3 22 17 30 5 23 
13 3 14 0 
9 1 19 24 10 26 7 30 11 13 18 12 3 14 20 4 27 25 
27 25 11 4 1 24 30 18 10 3 12 0 
4 7 10 1 19 26 24 18 12 3 14 30 11 9 20 25 0 
4 7 0 
21 4 10 17 3 9 23 30 2 13 27 26 29 
14 0 
O A O O A A O A O O O O O O B A A O O O A A A O O O O B A O 
