30
26 28 29 16 6 9 20 1 
28 4 1 22 5 17 16 25 30 26 0 
8 6 16 24 15 26 9 12 0 
26 22 25 5 29 1 17 19 7 27 6 18 30 16 11 9 13 2 28 21 4 
18 9 16 17 30 20 29 21 5 
28 1 30 9 6 
16 7 
6 16 1 20 26 21 0 
0 
5 15 23 2 16 8 1 12 20 25 9 29 27 22 19 21 26 14 24 3 11 0 
6 21 4 29 22 28 13 25 1 5 9 18 16 2 30 19 27 17 26 11 
20 3 30 21 26 16 9 0 
30 28 5 18 16 27 9 4 25 20 17 21 19 29 6 22 26 2 1 7 11 0 
3 23 1 20 28 12 14 
20 24 9 16 12 14 21 28 26 29 23 1 30 6 8 15 
16 
6 20 1 5 0 
16 28 18 
22 7 26 5 30 25 20 21 1 29 6 13 27 16 2 11 28 18 9 0 
1 16 6 30 9 29 21 28 26 0 
29 21 
6 26 28 7 1 2 16 9 29 5 18 11 27 4 25 21 30 0 
9 6 29 0 
21 20 23 9 28 16 6 0 
16 5 21 13 22 19 11 2 28 4 1 9 7 29 20 6 18 26 27 17 30 0 
29 21 6 28 26 
21 30 6 19 9 4 25 28 2 29 18 13 5 11 17 22 1 26 0 
26 20 30 6 29 16 21 1 9 0 
16 28 26 9 21 29 
20 16 29 21 6 26 28 1 9 0 
O A B A A O A B O AB A B A B B O A A A O O A B B A O A O O O 
