30
0 
17 24 18 7 1 10 12 26 0 
29 23 15 14 10 26 18 8 17 12 25 19 28 27 22 1 5 0 
10 23 9 18 24 2 13 8 11 6 15 20 26 12 22 7 1 17 29 27 21 0 
22 18 13 27 29 15 2 12 10 7 8 24 23 25 17 26 19 1 5 
9 23 12 25 17 8 19 7 27 11 21 13 5 26 29 24 4 18 6 
2 24 23 17 7 
29 19 27 12 2 13 15 25 1 10 26 22 18 5 24 17 7 0 
18 21 5 17 24 8 10 26 11 9 
7 10 
24 22 0 
19 12 
17 2 19 1 27 23 12 15 10 8 22 25 0 
15 17 1 28 19 23 12 22 8 24 10 26 14 
26 17 18 24 27 8 0 
24 2 23 19 29 27 10 28 3 15 13 22 18 14 17 12 1 16 
19 2 10 22 18 8 1 27 5 26 25 7 12 0 
26 12 27 15 29 24 5 25 19 0 
23 8 27 12 29 18 1 5 24 25 10 17 19 
15 22 21 0 
13 20 4 2 22 11 24 18 26 9 27 8 25 10 19 5 12 17 7 1 21 
23 27 24 17 0 
27 1 19 18 10 25 8 5 13 24 17 15 26 2 23 
1 13 17 8 7 26 15 5 22 18 29 2 23 12 19 27 10 24 
22 13 15 27 12 23 7 17 26 2 25 
13 12 19 15 8 5 25 1 10 17 0 
22 5 0 
12 14 24 10 0 
26 15 22 5 27 10 18 25 0 
4 11 8 7 26 24 15 9 1 13 18 10 29 14 25 21 30 
O O B A O A O O A O A O O B O B O O O A A O O O O O O B O AB 
