30
3 30 2 18 14 16 27 11 24 1 
7 14 3 22 0 
16 14 24 27 9 22 15 18 7 30 1 3 
24 3 7 8 21 30 11 19 1 13 23 20 28 2 22 12 4 
28 4 26 13 30 10 17 2 0 
18 15 11 2 3 30 9 1 14 22 7 17 24 6 
14 22 11 16 2 15 18 24 1 3 27 9 7 
4 17 22 15 7 3 16 18 25 27 9 2 14 12 5 1 19 11 20 26 13 30 21 8 
1 11 3 22 0 
13 24 7 1 25 14 29 19 30 8 23 21 22 9 27 0 
22 7 15 11 
13 5 1 28 27 30 18 25 8 21 11 4 23 29 20 26 3 16 17 24 9 7 0 
22 20 21 4 2 19 23 29 26 1 14 0 
24 30 15 1 0 
1 9 22 27 3 18 16 11 15 
0 
15 27 22 11 18 2 3 16 1 7 9 24 30 0 
11 3 14 1 24 30 27 17 22 16 9 15 18 
20 10 28 15 17 9 13 11 14 3 30 19 
15 0 
0 
15 7 1 3 18 16 30 2 11 22 
4 22 24 19 3 25 20 17 15 18 13 21 26 9 30 28 29 27 7 2 1 10 12 11 8 16 0 
15 24 
16 12 21 30 2 19 13 15 4 11 9 10 24 5 22 3 27 1 7 14 20 23 8 29 28 17 18 26 0 
13 2 20 29 15 3 19 8 14 18 28 1 10 5 17 30 12 16 21 7 9 4 23 27 11 22 25 24 0 
24 3 17 14 11 18 0 
27 13 16 30 20 12 7 15 3 0 
1 24 7 29 
11 15 22 9 17 14 27 24 1 7 2 30 
O O O A A B O A O A O A A O O O O O A A A O A O A A O A A O 
