30
22 19 27 9 10 4 24 28 12 0 
13 21 9 18 19 8 14 0 
8 24 22 27 0 
30 9 23 4 
7 14 0 
22 9 30 17 18 8 24 19 6 
18 27 23 9 5 4 6 21 22 2 17 13 16 11 15 24 26 14 19 20 0 
30 17 9 18 22 27 19 4 24 6 8 
4 18 9 
30 3 22 12 19 4 17 0 
27 24 4 22 19 15 13 16 23 2 6 0 
24 28 19 6 3 23 1 18 17 27 9 4 10 30 8 22 12 
18 5 16 0 
11 9 24 6 20 27 2 17 7 18 19 4 26 23 8 21 14 
5 27 22 18 20 9 6 7 26 21 14 19 17 24 16 4 8 11 13 15 
30 11 9 7 2 27 21 19 22 26 23 17 6 5 14 13 8 4 16 
24 30 19 6 23 27 22 8 4 18 9 17 
8 19 4 23 30 18 
22 17 27 30 6 23 18 19 
14 16 19 2 7 23 30 13 18 4 0 
13 23 27 22 4 8 9 17 16 11 2 26 7 21 
4 18 9 24 30 27 23 6 19 17 22 
4 24 6 18 0 
0 
28 27 29 7 4 8 11 16 1 5 20 9 19 10 13 3 23 30 0 
30 14 15 20 4 17 11 0 
19 17 23 8 18 0 
24 1 17 9 4 28 
6 14 7 5 11 15 4 22 28 23 1 16 21 27 8 10 26 17 24 2 20 25 18 30 19 3 9 12 0 
8 27 9 4 0 
B A B O A O A O O B A B A A A A O O O A A O O O AB A O B AB O 
