30
3 11 17 30 2 16 18 26 19 8 12 25 21 24 15 10 27 22 14 20 9 1 
22 28 16 2 
10 19 28 11 2 16 8 27 22 3 
6 27 7 10 23 2 28 19 8 13 11 16 29 0 
8 3 22 16 11 28 6 2 4 7 29 13 5 
13 22 7 0 
28 19 11 22 4 6 8 27 7 
23 3 11 22 16 2 27 8 
14 25 10 22 24 20 23 15 26 12 9 
8 23 27 16 2 3 10 
11 
25 2 8 16 1 0 
3 8 27 6 28 19 7 2 11 10 29 5 22 16 23 4 13 
11 0 
27 26 18 17 23 28 0 
0 
19 20 21 15 25 3 12 22 27 9 23 16 30 14 18 26 11 8 28 10 2 24 17 
3 26 30 9 24 17 11 2 25 0 
3 2 19 
26 19 21 28 24 8 11 22 1 30 20 
15 9 12 16 11 27 10 23 26 18 0 
23 11 27 8 28 19 10 22 
3 11 2 27 0 
15 16 10 21 20 19 1 18 8 2 12 25 22 3 9 0 
12 22 11 1 26 8 17 16 2 15 18 24 14 25 
20 15 9 18 22 26 
11 28 8 27 
23 27 16 19 8 2 28 
0 
15 9 28 20 17 11 12 2 27 14 8 10 18 23 25 19 0 
A O O B B B B O A O O A B A A O A A O A A O O A A A O O B A 
