30
13 21 0 
19 12 29 1 7 25 5 30 11 18 6 4 26 10 16 14 8 13 24 28 15 0 
21 28 26 24 1 16 10 7 25 18 17 11 30 12 13 14 19 8 20 6 15 4 29 5 0 
26 20 14 0 
6 15 24 11 8 25 17 14 29 13 5 
13 17 5 15 6 
8 0 
5 29 24 14 25 17 15 11 6 13 0 
21 13 4 24 8 20 10 19 14 5 28 11 29 2 18 12 30 22 0 
7 21 4 20 10 
13 6 8 29 5 17 25 24 15 11 
21 11 2 19 4 15 3 28 13 12 
24 17 29 15 8 11 14 6 25 5 0 
29 14 
24 5 14 11 0 
14 26 24 12 20 6 5 0 
15 11 14 29 8 25 5 24 6 17 
3 29 7 12 16 8 20 26 15 30 2 14 21 17 6 1 19 25 5 24 11 28 13 4 10 18 
28 4 17 20 30 29 16 25 6 7 14 2 1 21 5 3 24 12 15 19 
16 11 24 10 29 14 7 6 5 17 15 0 
28 29 24 1 6 4 2 8 16 25 5 30 18 19 13 10 12 0 
8 15 22 
27 11 17 5 13 24 25 22 14 29 15 8 0 
29 5 11 13 24 
6 14 0 
21 16 12 2 3 15 13 8 1 29 7 10 30 26 
29 5 22 11 14 15 8 13 6 17 24 25 0 
2 15 30 17 6 3 10 13 26 4 25 7 19 12 18 21 11 29 16 28 
5 14 17 25 13 8 29 
26 1 30 
A A A A O O A O AB A O A O O O A O A A A A B B O O A B A O A 
