30
26 18 9 15 13 30 19 17 0 
28 9 29 14 30 20 1 4 26 12 19 15 16 10 13 17 22 3 8 18 5 24 7 0 
17 13 14 26 30 29 3 
24 7 3 6 30 29 1 0 
12 8 18 16 21 26 22 20 15 25 24 30 14 6 10 9 17 13 4 3 19 2 1 27 5 
22 21 12 14 24 29 25 7 16 2 30 10 17 5 28 13 1 19 3 27 15 6 
9 27 10 19 0 
5 9 20 6 29 30 13 28 26 19 10 2 22 16 4 3 7 15 14 24 1 17 27 25 8 
13 14 1 17 26 18 19 3 29 15 30 22 0 
30 2 26 8 18 6 20 27 5 10 
29 25 10 7 8 28 4 30 19 2 23 20 6 5 11 
25 21 22 28 4 8 18 24 1 19 14 2 6 3 29 5 13 17 7 30 12 
15 26 29 19 9 22 14 18 30 1 17 3 0 
22 26 15 30 18 9 3 13 0 
14 29 3 0 
22 26 5 7 14 27 29 12 21 30 18 8 4 1 15 10 25 13 0 
1 22 13 17 
17 3 14 30 29 22 26 13 15 19 9 18 
29 3 18 26 1 13 14 17 0 
20 
12 17 14 30 24 29 1 10 6 21 
15 17 19 29 14 18 13 9 30 1 3 26 0 
24 13 16 22 0 
10 21 17 4 2 27 15 16 22 19 8 28 13 14 30 20 18 9 5 24 
22 5 9 1 8 19 25 
29 3 15 13 14 17 30 22 19 1 18 0 
14 8 28 9 30 27 
5 4 27 24 18 15 12 10 13 30 1 9 26 0 
17 3 26 30 29 
22 30 
O A O A A A A A O A AB A O O O A O O O A A O AB A A O A A O O 
