30
3 8 15 11 16 29 19 30 18 22 0 
27 16 26 29 17 8 20 0 
8 12 1 19 18 6 29 22 30 16 3 
26 15 10 28 17 1 14 9 11 21 20 30 16 3 18 19 27 22 2 12 8 24 4 
3 4 19 24 2 29 14 7 10 17 8 30 9 22 21 20 16 28 6 25 18 13 5 
30 0 
18 30 29 13 8 15 26 11 3 22 16 19 6 12 1 7 
18 16 19 30 22 3 12 15 1 0 
4 28 20 27 21 2 30 19 1 12 11 14 22 26 9 
28 8 9 19 21 17 20 25 26 30 18 12 3 27 10 
19 22 3 6 18 16 15 26 0 
26 29 15 6 16 8 3 12 
15 19 16 3 8 6 7 12 0 
16 20 25 3 8 9 18 29 28 22 6 15 4 19 2 12 10 11 0 
18 19 26 29 30 8 22 6 3 16 12 1 11 15 
15 0 
19 20 28 6 2 25 10 27 29 11 24 4 21 3 8 12 0 
11 19 3 26 22 1 15 30 29 16 12 6 18 
15 18 26 12 30 11 3 16 8 19 
6 19 12 14 21 3 17 29 24 25 26 16 28 27 15 8 1 11 10 30 18 9 20 
22 1 20 11 10 3 17 26 25 27 2 19 0 
11 18 1 19 30 3 15 16 29 22 
4 28 30 1 0 
22 30 0 
1 28 29 6 9 3 26 11 19 16 0 
29 1 6 30 3 22 11 15 16 19 18 12 26 
22 24 0 
20 30 6 26 14 10 1 15 21 8 2 28 
12 18 22 3 30 11 1 15 6 26 16 29 
3 29 15 18 6 12 22 1 19 8 11 30 
O A O A AB O B O A A O O B A O O A O O A A O AB A A O A A O O 
