30
19 10 6 15 2 20 11 27 8 9 0 
20 4 8 7 15 27 1 6 19 3 11 30 0 
6 0 
27 8 12 9 7 11 0 
29 18 8 9 0 
27 11 19 3 15 7 13 4 0 
8 13 11 4 12 19 15 7 
3 27 4 0 
3 0 
27 20 13 9 12 30 7 4 1 6 3 10 
27 9 8 19 6 7 4 13 15 3 12 0 
9 7 19 3 6 15 27 11 12 
3 8 19 9 11 6 12 15 0 
15 24 29 25 12 23 21 7 28 16 17 9 18 0 
4 8 9 11 12 15 
4 18 29 16 
21 15 11 25 5 17 
3 29 15 12 5 19 11 14 16 18 
15 7 6 27 3 13 9 11 0 
11 3 4 10 6 7 13 2 15 30 19 12 8 20 
15 4 16 9 28 29 7 11 14 17 27 25 5 0 
27 5 12 25 0 
11 7 13 4 21 16 3 17 27 24 6 9 14 28 8 29 18 25 19 15 12 5 23 
5 13 11 28 18 23 4 24 
19 5 14 22 16 6 8 3 25 
23 18 22 27 5 20 3 10 2 4 7 11 29 28 6 0 
0 
3 12 27 28 
21 24 23 4 19 17 8 16 13 7 5 14 15 18 9 22 29 
20 2 3 4 27 9 13 8 1 12 0 
B B O O A O O O O B O O O A O A A A O B A A A A A AB O A A B 
