30
24 22 29 4 21 6 0 
10 24 20 1 16 23 5 15 27 17 8 22 4 19 21 2 
19 23 21 0 
7 21 0 
7 24 22 10 28 29 19 21 2 17 5 
7 21 22 29 24 1 4 0 
15 21 1 29 6 4 22 7 
17 1 2 4 10 5 12 3 27 24 28 22 23 19 7 0 
1 25 4 9 
27 8 20 7 22 5 19 3 17 16 12 0 
24 25 30 29 14 26 9 6 1 0 
19 15 12 
17 19 28 24 9 27 25 11 29 1 4 16 23 26 22 18 7 10 8 15 12 21 20 5 13 
21 11 26 15 30 24 6 4 9 29 7 25 0 
7 22 24 29 21 4 1 6 15 
21 28 20 6 1 0 
22 16 28 20 3 2 4 21 7 5 10 29 15 6 0 
26 30 7 18 
28 27 24 1 12 21 19 
0 
6 21 
21 24 7 4 6 15 29 22 
7 24 15 20 3 27 2 28 17 4 10 5 16 8 12 29 22 21 23 
24 
24 6 14 9 30 26 15 22 29 4 21 11 0 
22 9 15 25 1 30 0 
22 16 4 20 15 10 29 12 28 3 1 8 21 27 
27 19 1 3 28 
29 
9 21 22 15 26 29 11 14 7 24 30 
O A A O A O O A B A B A AB B O A A AB A A O O A O B B A A O B 
