30
12 20 19 2 9 23 15 0 
12 15 26 23 10 3 19 0 
9 1 12 0 
11 15 0 
26 15 24 4 10 30 3 21 25 12 17 1 27 29 6 19 5 
5 17 26 0 
11 25 24 27 6 4 9 12 7 
8 
2 1 9 
15 27 1 11 3 19 10 
2 23 1 27 3 26 12 20 19 11 
23 11 10 15 3 27 20 19 2 1 9 26 0 
15 10 22 1 26 25 16 13 
16 8 10 1 11 20 19 26 2 9 18 0 
2 12 27 20 11 23 3 9 1 15 
23 27 10 16 
9 27 21 24 6 15 19 3 29 30 26 4 5 7 1 22 2 12 23 10 11 0 
23 8 11 16 3 10 1 9 19 15 0 
2 3 1 27 9 15 11 19 
19 10 11 27 12 23 2 1 0 
5 7 26 2 21 
5 19 26 11 20 4 25 2 7 21 23 3 12 27 22 
19 11 9 20 15 10 2 0 
30 17 6 2 19 26 29 5 11 25 21 7 1 27 22 24 
12 19 21 7 17 27 2 29 4 26 30 15 6 25 
9 15 1 23 20 2 11 0 
27 
23 15 18 2 9 6 11 24 17 14 20 10 19 30 12 27 4 13 25 7 8 28 
1 3 6 29 
2 12 9 22 29 17 15 7 19 26 27 30 
O O O A A A A B O O O O AB B O B A B O O A A O A A O O AB A A 
