30
21 12 8 28 29 9 24 1 
14 21 22 2 
3 
12 26 21 1 24 18 9 22 14 0 
29 0 
2 18 6 
14 18 19 30 24 22 1 29 9 3 21 8 23 20 11 15 28 0 
22 14 9 18 30 19 21 29 28 26 12 1 24 0 
12 28 2 22 8 30 29 26 21 24 18 14 0 
21 24 30 18 19 4 1 28 14 0 
28 7 22 30 23 13 1 19 12 27 0 
21 30 9 22 18 2 29 8 12 
7 28 1 0 
24 9 18 21 14 
29 1 14 15 
24 28 21 1 5 26 12 2 19 10 8 22 29 14 30 16 
9 7 28 25 24 20 13 23 27 16 5 17 
30 0 
19 
21 14 30 24 7 28 26 29 6 27 1 25 0 
19 30 0 
19 2 12 14 26 30 24 9 21 0 
22 19 9 28 12 21 3 18 1 27 30 15 11 7 25 8 24 23 
19 22 18 28 21 1 8 30 14 29 9 26 12 0 
26 14 23 29 11 19 6 7 20 25 
0 
24 11 7 2 29 14 23 22 20 30 0 
28 
14 24 30 19 21 12 22 26 28 8 0 
19 12 24 8 29 18 28 0 
O O A B B A A O O B A O A O A B AB O O A O O A O A O A O O O 
