30
22 1 
17 2 
20 14 9 7 22 2 16 30 27 10 17 4 15 18 8 26 6 12 11 23 25 1 3 
10 6 21 17 1 25 30 4 
1 13 22 21 2 17 16 4 25 0 
0 
13 11 28 27 1 8 10 7 
30 25 24 29 20 26 8 
17 24 5 0 
4 25 22 6 0 
6 12 22 16 24 17 28 27 11 
21 27 30 12 
5 4 10 21 2 25 16 17 22 30 1 13 
30 28 11 22 15 5 23 27 7 20 29 21 1 24 2 3 13 6 26 25 18 0 
2 28 9 12 26 1 13 27 29 7 17 11 5 16 25 10 6 14 8 3 24 23 20 30 4 21 22 0 
1 2 5 4 10 22 6 21 13 17 25 30 16 
25 16 13 6 22 5 0 
5 2 29 7 9 10 21 23 13 24 1 27 17 12 28 16 11 18 
17 5 22 2 25 1 21 10 19 
12 23 29 21 28 6 26 11 3 10 7 24 2 22 17 1 13 15 9 25 8 27 20 
6 16 1 5 4 30 13 17 2 22 21 
2 6 25 21 4 16 17 13 30 5 22 
5 17 16 7 28 21 11 27 18 6 24 14 15 9 4 23 
9 2 18 20 5 30 4 12 11 23 22 13 26 27 17 1 29 6 28 16 15 7 8 10 14 21 3 25 24 
10 4 21 17 1 22 16 5 30 25 
12 11 8 10 15 28 22 17 20 18 5 27 16 9 25 30 29 7 26 
20 30 27 
22 24 7 13 5 10 25 8 12 14 9 29 23 17 27 1 21 4 2 26 15 0 
30 29 
5 22 1 21 10 25 16 4 2 0 
O O A O O O A A A O A A O A A O O A B A O O A A O A A A A O 
