30
4 12 16 28 3 7 15 22 26 13 24 30 23 5 25 1 
18 3 17 21 19 8 20 15 13 14 23 11 5 28 22 4 25 6 27 10 30 9 26 12 24 7 0 
23 22 28 13 12 4 30 25 15 3 
15 30 25 22 24 3 7 13 12 16 23 28 26 4 
4 15 13 23 3 28 22 16 26 12 5 
30 17 23 3 12 20 15 28 13 14 8 9 2 21 19 5 11 4 25 29 22 16 24 7 10 6 
28 3 24 15 26 5 0 
6 8 
23 15 13 14 30 21 5 25 17 4 28 9 
11 30 26 20 17 16 28 4 6 5 23 29 21 9 3 24 18 15 22 14 19 7 2 27 13 25 8 0 
0 
28 16 23 4 26 13 12 
16 7 4 15 30 23 28 22 24 12 0 
9 30 20 6 17 23 21 4 27 11 0 
13 3 4 24 26 30 16 22 25 28 7 15 
25 0 
19 8 7 25 6 5 28 27 11 15 24 29 3 10 22 21 26 30 23 16 20 12 18 0 
19 24 14 16 6 18 
12 20 0 
22 19 18 11 3 24 25 28 5 13 15 23 10 26 9 17 27 29 4 20 
6 5 29 10 17 4 11 21 
5 15 24 23 30 25 22 
16 0 
25 12 4 7 30 3 22 16 13 28 26 0 
5 15 23 0 
28 12 23 7 5 30 25 15 16 13 4 24 22 26 
16 9 5 2 13 26 22 18 12 15 25 27 
25 16 24 7 15 26 5 13 0 
4 15 14 28 7 18 22 12 8 25 5 6 13 26 30 24 27 19 10 20 9 2 23 11 16 3 0 
7 15 23 28 24 16 25 4 3 13 12 5 26 22 30 
B A O O O A O A A A A O O A O O A A A A A O O O O O A O A O 
