30
11 7 14 28 5 1 
11 13 15 4 12 20 18 2 
15 2 13 27 20 0 
2 14 18 4 
14 15 28 11 6 2 29 9 20 7 21 27 1 16 8 4 13 24 10 12 18 0 
27 0 
8 27 9 19 4 18 12 1 6 15 25 2 29 20 11 16 5 10 13 28 21 0 
2 27 18 29 24 12 5 1 28 20 25 21 9 16 7 6 19 10 4 15 8 
16 24 7 13 10 19 8 18 14 21 28 27 1 11 5 4 12 20 0 
21 12 2 27 25 19 10 
4 15 14 11 
4 27 15 2 21 12 
20 2 11 12 15 4 21 13 
15 11 12 4 21 20 2 14 
12 13 18 4 15 
7 28 5 24 16 
14 12 21 20 15 27 23 18 11 2 30 26 13 3 4 0 
12 21 11 15 14 18 
13 12 27 4 11 0 
27 2 11 4 21 15 13 14 18 12 20 
13 14 2 4 12 11 21 
4 30 18 28 11 15 14 2 29 1 10 6 19 9 5 7 8 24 20 22 
15 12 21 11 4 2 27 13 26 3 18 20 17 14 0 
2 6 29 15 20 4 28 9 11 7 18 14 10 27 19 25 13 16 5 12 24 
12 16 6 21 1 18 8 0 
2 23 3 0 
13 15 2 27 
20 15 4 11 2 16 6 21 10 9 8 27 18 0 
10 14 15 11 16 0 
27 4 26 2 15 12 0 
A O B O A A A A A A O O O O O A B O A O O AB B A A B O A A B 
