30
15 9 26 17 7 29 13 1 
1 8 29 26 21 3 15 2 
28 0 
24 13 15 20 19 29 7 26 0 
3 7 13 29 10 16 25 5 
24 15 2 7 3 0 
3 16 29 25 28 13 22 10 7 
22 5 16 9 0 
1 16 25 27 24 13 18 2 29 7 3 5 9 
26 24 22 3 25 13 16 5 29 15 0 
26 13 10 3 7 25 24 0 
6 1 14 24 27 7 15 8 2 28 26 21 0 
5 24 0 
22 29 28 24 6 17 21 13 27 3 12 1 15 14 
3 5 10 26 13 29 24 25 15 
7 28 24 15 5 29 3 10 25 13 16 
5 6 24 13 10 0 
2 16 8 1 15 27 3 10 5 26 0 
26 20 16 15 10 19 
13 22 10 3 26 25 5 28 4 15 16 29 19 7 11 24 20 
17 18 27 15 29 2 8 10 1 12 3 16 28 22 14 6 13 7 24 5 26 21 
24 13 28 7 16 29 3 26 22 
13 22 19 23 
13 3 0 
29 16 10 28 26 13 24 5 15 7 3 0 
13 7 15 24 25 16 3 26 
21 2 18 28 13 29 17 24 16 9 27 
26 13 15 28 
5 22 15 3 26 25 0 
24 22 11 3 15 28 16 17 1 6 9 7 13 21 5 25 4 10 0 
A A O B O A O A A O B A O A O O A A B B A O AB O O O A O O AB 
