30
25 1 
29 23 27 14 6 11 26 10 19 2 
8 10 22 26 1 30 19 28 17 29 5 15 7 23 11 24 0 
8 10 3 16 17 22 26 6 9 1 24 5 29 27 25 11 7 30 4 
5 
11 7 5 12 25 19 9 27 0 
6 29 11 28 22 27 9 1 15 4 25 30 5 23 7 
17 30 0 
22 8 25 23 24 30 15 17 4 29 11 10 3 7 6 1 19 16 27 9 
8 25 5 19 28 1 17 30 16 10 
17 27 26 1 19 25 16 15 6 12 8 11 
10 30 7 17 19 25 15 23 6 5 22 11 28 16 29 26 9 8 27 0 
18 16 1 5 10 19 20 8 14 28 13 
8 13 30 18 19 10 25 17 5 16 28 1 0 
22 6 8 10 28 27 7 23 4 3 5 15 
30 8 5 16 
17 
17 30 0 
17 16 5 10 28 25 19 
30 19 0 
17 15 5 7 2 19 6 16 9 22 14 25 12 4 29 8 26 30 11 3 28 20 13 27 18 1 24 0 
27 17 8 25 16 11 26 5 4 30 10 9 22 
1 26 3 10 22 9 15 30 4 23 
17 9 3 24 
30 28 19 8 17 16 0 
0 
10 28 17 22 19 5 24 23 8 3 25 0 
5 19 8 16 10 30 28 
17 23 28 9 26 24 22 27 6 25 4 0 
30 
O AB A A O A A O A O A A B B A O O B O B AB A A A O A A O A O 
