30
9 13 3 12 14 1 
4 15 27 14 11 17 23 24 10 30 12 22 26 20 1 3 13 9 0 
14 13 23 25 5 20 10 6 26 9 29 3 
3 1 13 26 29 6 20 12 10 5 24 28 9 17 23 27 30 2 25 11 22 15 7 14 0 
25 3 13 23 5 
25 6 
20 15 3 24 17 27 2 6 14 10 29 4 1 23 22 30 9 25 28 26 7 
16 19 0 
13 5 26 10 20 23 9 
6 13 26 0 
27 4 2 9 13 6 14 5 26 1 10 22 23 7 12 29 11 
12 
13 
20 13 9 26 23 0 
11 3 13 14 22 24 29 25 23 4 27 17 10 12 20 7 9 1 15 
29 18 20 6 3 14 5 25 0 
17 
29 10 13 21 0 
0 
26 13 10 9 23 5 20 
3 26 16 9 18 14 0 
25 4 7 5 23 0 
20 13 9 14 10 29 25 3 0 
2 10 27 25 5 28 24 
14 5 26 3 20 13 9 29 6 23 0 
29 20 0 
29 24 9 1 13 15 26 23 14 11 28 3 2 27 
26 3 6 22 20 7 23 12 25 30 28 
13 26 25 5 20 9 23 0 
3 20 27 0 
A A O A O O A B O O A A O O A B A B B O B A O A O O A A O A 
