30
5 4 23 13 9 10 12 2 27 21 18 22 26 8 29 14 0 
12 30 21 14 26 4 9 8 22 29 5 10 18 19 2 
22 0 
18 30 5 13 19 26 10 4 
8 4 23 22 9 26 5 
7 21 12 23 4 6 
10 8 4 5 0 
13 29 9 22 12 27 19 26 21 10 2 0 
12 29 9 
18 4 23 19 10 
30 10 8 2 18 24 6 5 15 4 14 16 0 
13 9 21 2 14 30 5 12 
19 23 12 29 9 22 8 0 
18 2 23 5 29 22 30 9 8 13 14 
6 2 25 7 18 5 15 
16 
2 26 27 15 17 
29 5 30 27 26 23 2 21 12 8 14 4 13 10 9 22 18 
0 
30 29 4 2 20 
30 22 0 
2 9 13 4 14 0 
27 8 9 2 4 21 19 22 14 5 23 
12 18 10 6 2 23 30 11 14 28 20 0 
5 8 0 
30 23 0 
5 19 4 13 12 29 30 9 14 18 2 10 23 8 0 
30 3 19 6 8 23 15 2 26 11 20 0 
23 22 8 2 13 21 18 14 30 19 10 12 26 5 0 
10 8 19 2 21 26 9 12 5 4 13 23 27 18 0 
B O A O O A A O O O A O O O A A A O O A O O O A A O O A O O 
