30
26 5 18 30 0 
4 10 26 29 6 28 11 17 27 1 21 16 25 8 12 14 5 3 22 24 0 
20 22 29 28 23 8 10 5 3 
10 25 20 16 15 27 2 6 23 5 1 12 8 9 18 3 14 22 24 17 29 4 
22 23 9 10 29 5 
18 4 26 2 12 5 30 9 10 15 28 17 23 16 1 24 8 14 25 20 29 22 6 
26 22 15 24 30 13 27 18 28 9 20 17 5 10 0 
20 23 29 9 3 10 22 5 8 
10 29 22 23 5 8 28 3 9 
5 28 23 8 29 0 
12 8 15 29 27 1 6 25 3 9 22 21 0 
17 25 29 28 22 3 8 14 0 
8 19 13 
11 4 9 20 8 29 23 10 26 28 15 25 22 6 18 21 24 30 5 3 27 1 16 12 0 
9 12 0 
9 4 23 16 
12 8 21 4 1 24 20 15 25 14 30 9 6 16 10 17 
22 21 6 4 29 27 17 9 15 28 2 30 23 11 16 26 8 5 10 20 18 
9 8 20 10 29 5 13 23 22 28 0 
22 0 
11 12 5 9 18 26 10 15 29 25 3 4 24 22 23 28 6 1 20 17 0 
5 20 9 8 22 
9 22 28 8 5 10 20 3 29 0 
12 21 16 9 28 6 23 1 2 25 20 27 15 18 14 26 29 11 10 8 3 30 17 4 22 5 24 
12 10 17 2 3 14 4 16 9 18 6 30 11 24 26 0 
11 22 1 18 12 25 21 5 20 14 29 8 23 16 27 17 15 0 
20 21 14 23 26 2 28 24 29 6 12 18 16 4 30 9 1 8 3 5 22 11 15 0 
28 
22 8 0 
12 21 25 8 14 30 
A A O A O A AB O O O A A B A A A A A B O A O O A A A A O O A 
