30
6 30 17 5 1 
24 7 12 8 26 25 2 
21 22 12 17 5 14 30 16 28 7 18 27 1 25 3 
16 28 18 25 9 21 12 6 8 19 30 27 0 
12 25 0 
5 26 1 17 6 
0 
5 25 6 7 12 30 17 0 
7 1 5 22 17 4 25 28 18 30 16 20 21 27 9 
26 1 16 3 21 22 24 18 8 20 12 25 9 11 17 30 23 14 4 0 
28 7 12 20 8 26 3 21 4 16 17 6 19 18 5 9 25 30 27 14 11 
8 0 
8 23 12 9 17 2 1 11 10 16 21 20 30 29 26 6 25 5 18 27 24 7 22 4 15 3 13 
8 26 12 6 25 5 1 14 
25 23 15 
9 25 11 1 14 30 5 28 12 4 16 
7 17 
8 11 30 27 4 0 
16 9 22 1 8 19 
12 22 6 11 16 19 27 8 4 17 18 3 9 14 25 7 5 28 1 26 21 0 
1 30 8 26 18 16 28 11 17 19 4 14 21 
17 9 5 20 7 22 
8 1 5 15 30 24 12 26 23 
24 
17 14 8 5 6 30 0 
25 5 30 12 0 
18 5 9 12 26 16 19 7 27 
0 
16 13 9 12 26 8 1 3 18 19 15 14 5 11 7 2 4 22 29 
25 5 1 12 14 6 30 
O B A A O O O O A AB A O AB O B A O A A A A A B B O O A A AB O 
