30
17 28 3 14 18 4 5 20 2 16 13 30 22 12 1 
29 13 3 16 28 18 0 
14 28 13 1 30 4 12 16 7 5 20 29 18 17 3 
2 17 13 14 22 1 29 28 18 7 12 3 30 4 
29 7 2 1 3 22 5 
16 9 5 11 12 6 
14 30 13 1 17 12 5 4 28 2 18 0 
20 13 5 7 16 2 30 22 0 
19 5 16 23 12 6 17 15 7 1 26 18 25 3 29 14 24 10 11 4 0 
5 2 25 23 9 3 20 28 30 14 10 
2 24 21 4 3 26 18 0 
16 22 13 28 3 5 4 14 20 0 
28 29 4 12 0 
14 
30 12 20 10 27 7 9 22 13 4 1 28 21 18 23 29 3 16 19 15 
0 
4 1 14 2 3 18 7 13 16 5 22 0 
28 17 12 0 
20 6 4 27 2 1 28 21 18 13 17 22 5 3 30 7 14 25 15 24 11 0 
18 3 14 5 1 16 4 30 28 29 13 22 17 2 12 20 
4 13 2 29 28 25 10 14 24 17 22 21 
0 
3 12 9 23 
5 13 12 30 1 3 20 25 16 23 18 7 14 26 15 4 9 19 28 17 27 22 24 
24 27 6 17 16 1 26 30 11 25 
14 12 30 27 3 7 21 25 1 5 29 20 10 22 23 6 28 19 15 4 26 
1 23 14 25 10 2 11 16 21 30 27 
1 17 5 20 2 4 7 28 
7 16 18 20 1 17 4 22 30 28 29 
12 17 30 
O O O O O A O B A A A O O O A O O O A O A O A A A A A O O O 
