30
30 3 25 18 21 0 
18 6 23 13 10 16 7 3 19 21 28 30 4 26 24 29 22 20 15 5 25 0 
28 19 12 16 3 
20 3 7 18 2 15 22 12 25 10 5 23 26 21 28 29 16 24 30 19 14 0 
24 15 19 16 30 12 22 5 
26 19 21 15 10 6 
13 21 26 9 28 6 18 22 5 20 14 7 
10 5 26 12 6 17 3 1 11 22 18 21 28 24 16 25 30 8 
20 13 25 0 
6 5 16 22 21 26 15 25 30 10 
5 3 18 25 19 1 24 22 26 30 8 16 15 0 
6 26 10 25 18 12 
14 29 9 24 5 2 12 21 30 3 0 
5 18 23 25 13 22 20 7 10 24 14 
24 26 18 22 28 5 6 19 30 12 16 10 3 21 0 
25 19 3 10 12 24 15 22 5 26 30 16 
1 16 6 10 11 18 17 
6 22 25 16 28 24 10 12 19 30 18 
18 15 10 3 5 24 6 26 0 
22 26 30 24 12 19 0 
22 21 
24 25 16 21 10 12 6 3 5 15 18 28 30 0 
13 3 12 4 21 7 18 10 0 
6 30 10 22 15 25 5 0 
15 18 6 28 10 24 30 26 12 5 3 21 19 22 16 0 
30 10 16 21 25 19 3 0 
15 22 9 7 1 25 23 5 10 29 2 26 13 16 28 4 8 14 20 30 3 24 21 18 17 27 
24 12 19 22 3 15 10 21 30 16 26 5 18 28 
25 30 6 22 24 5 29 
16 25 22 3 12 30 
B A O A O O A B A O B O A A O O B O O A O O A O O O AB O A O 
