30
9 15 20 21 0 
1 4 23 13 20 26 5 27 24 9 28 29 12 14 19 3 21 7 6 25 15 2 
23 20 1 9 15 19 13 21 26 3 
20 29 23 14 6 30 22 19 2 5 0 
6 1 12 29 26 20 5 
15 6 
9 5 14 4 25 7 
0 
9 
7 9 27 15 11 3 2 20 24 4 22 12 14 21 25 30 6 16 28 13 18 8 19 23 0 
16 0 
15 25 13 8 7 20 3 1 5 24 19 2 12 
0 
23 26 12 24 1 27 19 30 6 3 21 2 15 9 8 28 7 14 
3 9 1 21 0 
26 25 1 8 13 21 15 6 3 0 
13 18 19 17 
6 17 19 20 3 25 8 1 9 0 
9 8 0 
23 8 21 9 26 15 19 1 13 25 6 3 20 
23 9 1 3 25 20 26 8 21 
24 5 3 8 12 21 27 26 25 30 19 6 23 0 
9 15 6 13 8 0 
25 19 20 28 26 7 29 24 
3 9 20 1 6 21 13 26 15 19 0 
9 21 25 3 13 0 
26 28 2 1 7 8 21 30 24 6 14 9 13 22 19 5 3 23 25 15 0 
6 8 5 24 25 3 7 0 
6 24 5 22 4 7 29 
15 7 22 26 5 13 27 19 29 14 23 30 
O A O A A O A O O AB B A O A O B B B O O O A O A O O A A A A 
