30
1 
19 26 12 8 6 17 0 
17 13 27 26 21 1 10 19 2 12 8 15 0 
25 28 19 11 18 26 27 24 23 0 
29 22 6 10 28 20 26 16 12 3 8 27 21 23 11 17 19 13 15 1 9 4 0 
12 10 24 15 9 3 17 28 21 1 13 19 2 0 
29 21 7 
13 2 17 27 0 
12 21 27 1 6 2 24 17 0 
8 26 6 17 19 27 1 0 
25 17 13 2 1 21 18 24 9 27 16 20 4 22 26 5 29 23 15 10 8 6 3 19 14 28 12 11 
10 19 6 1 29 3 26 24 21 9 15 13 0 
10 29 2 0 
11 4 6 24 23 17 8 21 13 10 12 18 19 22 25 2 15 14 
26 10 13 21 15 
5 28 13 1 26 6 27 19 14 11 10 9 4 20 24 16 
13 21 9 27 3 15 6 12 2 0 
6 11 17 21 8 28 15 16 14 9 25 5 2 23 22 26 4 20 13 3 1 27 24 12 18 
6 21 26 13 8 10 9 3 28 12 17 1 24 15 29 2 19 
14 10 15 5 16 1 21 18 22 2 24 20 
27 17 12 2 26 19 24 28 1 9 8 29 13 21 
13 3 26 2 15 5 21 16 1 17 10 9 24 14 0 
20 0 
29 27 12 6 8 19 13 3 21 26 2 15 28 10 1 9 17 0 
3 29 6 11 28 0 
13 15 17 9 10 27 19 3 8 29 24 1 6 12 2 28 26 
28 6 24 21 8 1 27 
24 3 6 8 26 27 1 0 
1 3 28 24 19 8 9 0 
3 0 
O O O A A O B O O O A O O A O A O A O A O A A O A O O O O B 
