30
22 6 16 5 23 13 18 25 26 30 9 2 1 
22 9 1 16 0 
25 15 27 4 13 23 14 20 6 29 8 16 19 21 9 0 
17 20 27 3 29 30 0 
6 30 18 23 2 25 16 22 13 9 26 0 
16 9 5 1 13 22 2 23 6 
9 30 16 0 
29 23 27 15 2 3 4 26 25 16 30 6 20 14 8 
16 5 1 26 18 13 22 23 30 25 6 0 
11 1 6 9 5 13 23 26 25 0 
25 22 1 7 26 16 5 30 10 18 6 23 12 2 9 13 11 
2 5 25 7 18 22 1 11 10 12 
6 2 25 9 30 23 22 26 5 1 18 0 
23 29 6 26 25 21 18 28 9 5 24 27 22 0 
22 20 17 26 25 27 28 19 23 29 21 1 4 6 8 30 16 14 9 18 13 24 3 15 
23 30 18 16 
22 0 
23 16 2 1 18 
27 28 3 17 2 4 26 19 
14 23 4 29 19 13 16 2 27 22 6 28 30 21 3 5 18 24 25 20 
30 26 5 28 4 6 9 29 17 3 19 23 18 0 
13 9 6 25 18 30 2 23 26 1 5 16 22 
1 13 18 25 23 
20 24 
6 9 22 13 1 26 30 23 18 16 0 
23 22 9 1 25 5 6 18 30 26 
21 27 
13 21 28 
14 8 17 16 4 9 19 15 5 28 18 30 22 26 23 6 2 24 21 13 3 25 1 27 0 
22 2 30 
O O A A O O B A O B B B O A A O A O A A A O O A O O A A A O 
