30
11 0 
30 6 13 23 5 22 3 25 20 2 
30 6 1 23 17 0 
2 19 24 25 11 29 0 
9 12 15 4 18 23 24 29 11 0 
11 23 17 15 20 29 27 3 9 30 13 0 
8 14 6 23 21 15 2 16 3 25 4 20 24 11 12 17 27 5 13 9 0 
29 23 18 4 12 20 27 19 24 9 21 17 1 16 22 14 10 5 25 3 11 6 2 8 
9 
1 5 6 21 24 3 11 30 2 4 14 20 15 19 23 12 22 17 25 13 29 18 16 8 28 10 
9 3 23 11 
27 3 29 12 
13 
9 27 17 5 4 10 0 
23 27 11 1 20 3 30 0 
18 27 19 2 5 28 21 3 0 
6 0 
23 18 
20 16 30 24 9 12 10 22 3 6 8 2 19 
0 
11 14 23 20 13 3 9 16 15 27 22 2 29 24 21 
3 20 17 12 27 4 1 25 15 24 21 28 9 11 30 18 29 5 2 8 19 23 14 10 6 16 13 0 
17 29 11 20 9 15 23 
25 27 6 15 23 8 19 13 16 9 22 3 12 28 21 5 18 1 2 10 17 20 24 
13 20 10 1 8 6 28 22 25 
1 23 13 12 15 27 17 26 
1 23 13 0 
21 4 8 19 25 16 29 3 0 
3 12 20 11 9 15 17 30 13 27 23 6 1 0 
20 9 0 
O A O A A O AB A O A O O O A O A O A A O A A O A A B O A O O 
