30
18 10 0 
8 14 5 19 7 17 3 26 15 29 21 4 24 12 0 
1 0 
7 25 30 4 
14 8 26 17 3 20 1 21 10 30 22 13 7 25 24 2 29 28 0 
10 5 1 21 11 12 17 20 14 18 24 13 4 7 3 30 25 8 28 2 29 26 16 15 23 9 22 0 
0 
30 17 5 12 21 8 
9 
17 30 19 12 29 25 10 
12 10 30 20 19 0 
13 22 30 29 20 17 7 28 4 18 19 25 10 14 0 
29 28 12 18 10 19 25 4 0 
30 19 20 22 28 4 7 12 10 14 
7 28 8 3 26 20 30 19 17 12 2 10 24 13 18 29 22 5 25 14 4 15 
13 21 29 4 12 19 24 7 14 1 2 30 15 25 20 22 8 28 5 26 10 17 0 
19 30 17 
7 25 28 30 19 20 0 
30 17 4 0 
13 19 25 18 28 12 14 30 17 10 4 29 0 
14 13 18 25 19 3 24 22 2 30 1 7 28 16 10 12 15 26 5 17 4 29 0 
13 12 10 18 25 14 19 0 
5 17 24 13 16 20 3 10 6 26 4 14 30 15 19 18 7 27 29 28 8 12 2 11 9 0 
18 29 26 19 7 16 1 13 25 10 5 20 3 14 30 0 
7 29 17 0 
7 12 20 17 2 30 18 0 
0 
10 14 20 17 7 28 
7 28 13 18 19 30 10 20 4 17 12 29 
14 12 25 19 20 13 28 22 17 4 30 
A A A O A AB O A B O B O O O A A O O O O A O AB A O A AB O O O 
