30
30 24 17 4 8 0 
22 26 25 7 16 27 2 
26 30 17 1 8 21 24 4 7 6 3 
24 30 21 26 1 17 3 0 
21 4 0 
6 
4 17 21 20 8 3 26 7 
26 8 
20 26 24 14 1 17 6 4 21 3 30 28 7 8 9 
6 8 20 22 16 5 24 27 12 30 17 18 10 
26 30 7 27 1 18 16 22 24 6 20 25 12 23 5 10 17 29 8 4 0 
16 4 25 26 7 24 5 2 3 15 22 23 27 6 20 18 21 8 0 
7 4 27 25 9 3 17 26 1 15 12 29 16 23 5 6 30 13 
1 28 24 3 7 9 14 
21 20 1 18 26 17 2 30 7 12 23 3 22 24 27 8 6 25 5 16 4 11 10 0 
4 18 12 1 27 2 24 7 11 23 22 6 26 21 20 10 25 5 15 17 30 8 3 29 0 
21 4 3 1 24 26 0 
1 24 8 30 15 20 2 4 11 17 18 
30 20 21 28 8 26 4 19 
17 7 30 21 6 24 1 26 3 8 4 0 
30 1 8 6 21 
3 6 2 30 12 26 15 22 
7 0 
26 1 21 7 30 8 3 17 4 20 6 0 
0 
8 30 7 24 20 17 4 3 6 1 0 
24 17 8 27 
9 17 20 19 14 3 21 8 6 4 28 
15 5 17 26 7 27 23 11 22 12 3 16 0 
26 17 8 4 0 
O A O O A O O O B A A A AB B A A O A B O O A A O A O A B A O 
