30
13 30 29 19 26 5 16 8 0 
0 
13 17 20 16 15 24 10 14 7 29 19 11 30 28 18 4 25 1 21 8 26 0 
14 0 
1 26 19 16 13 8 0 
10 20 19 28 16 13 18 30 25 8 11 29 17 21 15 5 4 7 3 14 1 24 26 6 
17 28 13 20 3 6 11 29 1 14 10 21 26 4 16 15 19 25 30 8 0 
26 30 1 13 16 19 5 0 
28 7 30 25 26 27 14 17 11 5 24 23 29 18 1 6 22 10 2 15 4 16 20 8 12 3 0 
1 25 21 18 11 14 3 30 28 7 13 17 5 29 24 4 19 10 
18 20 29 5 4 19 6 15 26 21 16 25 0 
0 
19 1 26 8 29 16 30 5 0 
29 19 25 7 18 3 5 1 30 21 26 16 15 10 8 11 24 17 28 6 20 14 
13 21 11 3 20 14 8 25 7 29 4 26 24 30 6 5 17 10 19 15 
1 5 16 
28 0 
28 20 19 11 3 16 7 1 25 6 21 5 17 15 29 8 30 13 24 0 
5 29 13 1 8 0 
18 17 13 5 28 14 24 25 4 29 21 8 20 
20 18 15 24 17 26 30 29 25 4 11 6 7 16 1 28 0 
29 30 19 13 22 
16 0 
10 11 13 30 17 15 5 7 1 18 28 8 20 16 4 3 6 25 14 21 24 
11 18 24 21 10 8 17 20 6 0 
0 
1 19 8 13 29 26 12 22 30 5 0 
10 14 13 25 17 1 19 29 16 28 
29 
16 26 1 0 
O AB A A O A A O AB A A B O A A O A A O A A B AB A A O B A O O 
