30
3 16 22 5 14 21 23 28 29 9 25 2 8 4 7 1 
0 
16 7 5 28 23 9 3 
21 7 23 8 25 5 14 29 22 28 1 2 16 0 
23 16 14 28 9 2 3 22 1 8 29 21 25 0 
22 11 23 4 25 3 29 5 2 10 14 21 24 9 7 6 
4 23 25 28 21 14 16 9 2 3 1 7 
1 22 14 4 25 0 
29 1 25 14 16 3 23 22 9 
2 24 28 0 
1 21 8 2 20 22 16 14 10 3 5 11 
1 28 19 23 9 5 21 11 24 18 0 
8 16 21 29 15 9 7 1 28 14 0 
16 8 3 22 21 2 9 5 4 25 1 28 7 23 29 14 
27 23 19 5 26 29 1 17 13 8 0 
28 25 14 2 4 22 8 5 21 29 1 7 0 
27 8 7 14 19 5 28 29 15 23 16 26 1 13 3 22 2 21 9 25 18 0 
15 17 27 8 21 26 22 3 13 14 1 28 23 29 16 19 4 7 25 9 18 
21 1 9 25 19 
1 2 22 10 3 5 6 29 25 24 4 7 0 
22 5 0 
7 4 28 16 2 25 3 9 5 22 
4 2 16 3 29 8 21 5 1 14 9 28 22 25 23 
4 21 10 2 0 
28 3 29 21 7 25 
23 22 2 7 13 17 3 5 18 1 8 19 21 14 27 25 28 16 15 29 4 9 26 
18 1 22 2 15 9 5 29 14 23 7 4 19 8 25 3 26 17 16 0 
22 29 5 3 4 9 21 0 
28 21 8 5 29 
29 16 9 18 22 1 10 23 5 26 30 
O O O O O B O O O B B AB A O A O A A A B O O O B O A A O O AB 
