30
0 
12 17 22 2 
23 5 19 24 8 17 6 13 4 18 7 22 3 
6 5 21 10 11 19 8 15 20 7 29 4 
8 11 15 29 6 4 5 
4 8 29 10 0 
19 15 29 21 4 5 10 20 6 0 
10 7 15 11 5 20 0 
4 10 8 5 17 0 
19 10 
11 
0 
15 20 21 8 7 18 23 9 10 4 17 22 29 5 19 24 0 
8 20 25 5 16 21 7 30 1 11 4 15 6 10 29 27 19 28 12 0 
10 8 5 0 
6 14 30 21 7 11 1 28 8 19 25 29 20 10 15 16 
24 4 3 22 17 
9 11 20 7 3 4 18 
10 4 21 15 11 6 7 5 20 8 19 
29 21 15 6 5 10 4 7 8 11 20 
19 0 
23 21 9 19 7 18 17 4 29 6 11 5 3 8 10 20 24 0 
22 15 17 19 5 3 0 
29 15 8 22 23 18 5 9 7 11 17 4 3 19 0 
25 
10 5 28 7 12 16 8 11 24 25 4 27 0 
11 10 12 6 1 30 25 21 29 19 16 5 15 4 28 14 20 0 
27 29 15 28 
21 8 20 10 19 6 7 0 
20 15 10 29 12 11 19 14 5 28 7 1 4 21 27 0 
B AB A O O O O O A O O B A B O B A A O O O A A A B AB B B O B 
