30
22 20 28 7 18 12 27 6 11 24 14 19 3 9 25 17 13 4 5 29 2 26 0 
19 28 14 30 18 25 5 3 26 17 7 27 20 2 
7 2 26 30 27 28 3 
26 21 2 4 
26 2 25 20 5 
26 5 13 12 20 8 21 3 7 29 6 
20 25 18 3 2 8 19 28 26 30 0 
5 28 26 27 20 25 8 
10 19 22 13 25 14 24 5 29 12 11 21 1 7 9 
12 14 18 9 25 19 5 28 10 
25 28 21 6 29 26 9 10 12 4 13 1 17 19 27 0 
19 20 2 29 9 11 22 28 24 5 30 7 27 3 1 13 14 17 26 25 8 21 10 6 4 12 
5 25 17 2 21 7 20 12 30 24 10 22 1 9 3 14 28 26 6 8 4 29 19 11 27 18 0 
7 2 20 5 26 19 27 30 28 17 25 8 14 
17 23 2 18 28 16 3 26 20 19 7 0 
14 2 30 0 
28 20 19 7 5 8 27 14 2 3 26 30 18 0 
2 28 18 
14 26 28 3 8 25 0 
30 17 14 26 0 
3 18 9 6 2 13 25 24 27 11 7 30 20 12 26 28 29 17 4 8 22 1 0 
5 4 29 19 28 20 10 11 7 26 14 6 30 25 24 3 0 
25 16 5 2 23 
8 5 0 
3 14 20 17 19 27 30 2 8 0 
2 19 3 27 14 0 
14 5 19 0 
20 17 3 28 
9 2 13 19 4 8 11 6 30 17 28 10 21 25 1 12 5 22 18 14 27 3 26 24 29 
19 0 
A O O A O A O O A A A A A O B B O O O O A A B A O O O O A O 
