30
14 20 8 18 3 7 6 13 17 1 
27 12 3 4 13 6 8 30 14 18 28 19 29 17 10 2 
29 6 13 18 1 17 28 8 14 7 20 3 
4 
21 22 9 6 8 14 4 3 29 1 17 0 
6 
29 6 28 13 18 20 0 
13 17 3 8 
14 7 0 
17 7 10 
3 6 2 30 4 8 10 19 29 14 18 17 27 12 28 16 11 
12 
4 1 6 18 28 17 14 20 7 29 8 3 0 
6 8 29 17 3 1 20 4 14 
3 16 27 14 1 10 22 26 13 5 20 12 11 8 15 
1 19 13 12 30 0 
18 17 
3 18 
27 28 19 
8 13 28 29 1 7 6 20 
14 20 0 
4 24 1 17 29 28 20 7 18 9 25 3 5 14 21 6 13 0 
19 30 18 13 27 17 10 14 7 12 0 
24 
3 5 9 4 29 1 6 20 28 8 13 17 22 14 7 21 24 25 
29 23 10 11 1 5 16 2 14 9 6 24 20 15 21 18 25 7 13 26 
13 17 28 11 2 3 12 7 0 
4 6 3 1 14 29 20 7 18 13 17 8 0 
14 28 3 4 20 8 17 29 
1 29 13 12 4 28 19 6 16 23 7 17 11 8 10 14 2 20 18 3 27 30 
O A O O B O O O B A A A O O AB A O O A O B B A B B AB A O O A 
