30
19 1 
26 21 17 20 7 0 
9 2 15 17 20 0 
24 2 10 23 11 18 26 21 14 7 13 17 3 0 
14 15 25 2 9 7 6 17 20 10 18 26 4 11 5 
28 25 16 5 24 18 13 11 9 20 15 8 2 6 
15 20 17 21 2 7 
13 26 2 11 5 21 28 0 
20 15 21 17 9 
23 5 6 24 20 16 18 17 8 15 28 10 
26 9 15 4 10 24 8 23 7 21 28 25 14 16 3 13 6 5 20 17 2 0 
30 17 25 10 2 7 12 
28 23 6 0 
28 10 2 23 9 3 25 18 4 20 16 14 
17 2 21 9 15 
4 23 6 25 21 9 5 26 7 17 13 10 28 14 18 11 20 2 3 24 8 15 0 
3 15 17 
14 23 20 13 17 16 0 
22 7 15 21 3 17 1 19 
17 7 2 15 3 9 20 
20 26 3 9 15 17 2 7 21 
19 2 17 15 1 0 
21 24 16 13 2 11 5 20 4 6 7 18 17 9 26 3 10 28 14 25 23 
8 25 2 17 5 26 18 7 6 9 16 15 13 23 24 
13 26 23 8 9 3 10 24 17 16 11 5 4 7 2 18 15 20 0 
2 0 
5 9 8 15 16 30 13 26 14 3 11 18 7 6 19 0 
7 8 14 3 16 18 5 4 28 
21 10 3 4 23 28 11 16 18 2 0 
21 13 4 2 6 23 16 11 25 12 9 20 18 1 22 24 15 10 0 
B O O A A A O A O A A AB A A O A O A B O O B A A A O AB A AB AB 
