30
8 21 26 30 14 15 25 7 23 19 28 12 2 24 22 9 17 4 0 
0 
7 6 13 2 4 27 23 21 14 20 11 12 22 16 10 3 
16 2 22 11 7 23 21 12 27 30 10 14 0 
26 17 15 14 18 12 28 21 1 22 8 2 30 27 25 23 10 16 29 7 19 11 24 9 4 5 
12 4 23 22 11 6 
30 4 10 27 21 12 16 22 2 23 11 14 0 
24 2 5 27 7 18 15 8 
25 2 14 16 18 17 23 5 0 
23 27 14 21 12 4 22 30 7 10 
23 10 12 21 11 
7 16 27 0 
4 21 7 23 14 12 0 
2 14 
26 19 27 29 8 4 11 5 7 1 10 9 16 18 17 30 22 25 28 23 2 24 14 0 
4 2 27 14 23 0 
7 26 5 27 23 16 19 10 17 
24 17 4 18 
19 
21 30 22 13 3 10 20 
14 16 27 12 2 10 22 7 11 30 23 4 21 
16 30 14 11 22 
21 12 2 22 4 11 10 14 30 16 7 27 0 
23 25 26 1 17 11 8 28 21 2 18 4 10 5 16 7 19 29 22 30 9 24 
12 24 1 2 5 30 10 29 8 25 
22 10 11 2 19 1 17 5 23 8 30 9 12 4 29 24 26 
23 14 21 7 30 10 12 2 0 
24 10 22 14 19 4 11 21 1 26 7 28 
19 21 8 1 30 23 9 29 
2 12 27 22 14 4 11 16 7 0 
A O B O A B O A A O O O B O A O A A A B O O O A A A O A A O 
