30
13 17 10 14 4 6 19 29 23 1 
14 20 17 24 9 15 23 6 16 25 19 4 21 30 8 0 
20 28 7 6 16 13 17 25 21 12 27 3 
25 30 17 19 14 15 4 
29 21 26 9 19 12 30 11 20 15 27 10 0 
19 6 
0 
20 17 21 9 23 0 
21 30 23 25 19 15 20 0 
11 15 19 3 13 26 20 6 17 23 21 27 7 30 1 0 
7 30 26 19 15 27 23 14 10 4 1 12 9 13 3 20 21 25 6 0 
1 15 20 0 
12 29 11 19 6 1 14 28 26 25 7 0 
16 9 21 30 23 4 6 20 15 0 
30 19 23 21 9 25 15 
25 19 15 14 4 0 
4 16 25 19 6 23 30 9 0 
14 23 28 12 27 26 16 15 10 2 13 9 17 25 1 22 19 3 24 18 
0 
21 30 4 16 0 
15 23 25 6 9 21 
8 20 23 18 30 17 12 16 29 4 10 13 27 9 5 0 
4 17 23 
0 
4 21 15 17 20 0 
10 17 29 5 19 3 27 20 25 23 21 4 9 28 12 16 13 6 15 30 14 11 26 
1 11 14 10 30 0 
19 26 11 15 1 0 
12 23 30 7 13 3 25 1 0 
15 16 4 19 20 30 
A B A O A O A B O A A A A O O O O AB O O O AB O B O A A A A O 
