30
20 2 15 9 30 10 11 1 
3 2 
17 27 15 11 30 18 24 2 8 20 0 
2 0 
20 13 27 24 4 21 12 28 17 2 18 19 30 22 14 3 0 
29 8 20 12 18 4 17 14 28 7 5 26 19 6 
19 8 11 30 4 17 27 0 
24 17 2 3 27 15 4 8 
2 4 25 3 11 10 15 24 17 18 0 
25 3 30 18 8 15 17 2 1 27 24 11 20 10 
3 18 27 2 0 
2 6 12 
8 28 29 30 18 23 14 5 27 21 12 11 20 22 24 19 4 26 17 2 7 15 6 0 
5 24 29 17 2 19 30 8 4 22 26 0 
2 24 17 18 27 11 3 0 
11 29 8 1 12 30 19 27 14 22 17 3 25 20 21 9 10 0 
30 8 3 0 
24 15 27 0 
15 30 23 8 18 6 13 17 12 21 22 26 11 29 14 19 
2 11 20 
6 8 30 27 3 5 12 20 2 11 13 28 0 
27 23 4 20 13 19 3 30 5 15 11 6 26 2 14 22 
5 20 30 28 26 22 14 17 15 24 8 21 11 7 2 6 23 
17 11 4 18 27 2 24 
4 15 30 8 24 9 17 3 11 10 27 1 2 20 18 25 
29 13 14 22 2 12 17 24 8 21 4 28 26 
15 4 11 20 30 17 24 18 8 2 3 0 
6 27 17 15 30 26 8 21 19 5 22 7 13 20 28 
13 24 27 15 6 12 30 5 20 28 29 
24 17 15 18 2 11 20 8 27 0 
B O O O A A A O B B O A A A O AB O O A O A A A O B A O A A O 
