30
11 29 7 16 10 25 17 4 27 22 26 1 
9 21 10 16 19 17 4 24 23 26 29 5 28 27 30 6 12 1 0 
30 17 24 28 6 29 27 9 7 19 5 13 23 22 10 16 12 20 11 25 0 
4 
24 30 4 13 2 27 19 16 22 29 20 9 21 6 25 10 26 0 
12 1 26 9 3 29 28 11 4 23 21 22 24 2 5 15 19 17 16 10 20 7 25 6 
29 26 4 10 7 
10 19 16 29 26 14 7 17 8 
7 15 27 22 6 26 10 20 2 19 23 30 4 5 29 25 16 3 24 9 
29 1 19 27 0 
27 22 16 4 11 
1 6 16 0 
7 17 5 6 21 1 28 9 11 25 23 27 19 29 4 10 20 26 16 3 0 
8 4 10 14 
26 9 16 5 21 13 3 25 27 28 30 6 12 2 22 0 
17 19 26 27 25 22 4 0 
27 0 
11 30 17 23 6 9 5 7 1 16 14 13 10 20 24 25 0 
10 0 
11 16 24 15 17 13 29 25 12 23 4 5 1 22 26 2 3 7 9 30 21 19 27 10 28 6 0 
1 30 27 17 29 28 0 
29 19 1 16 26 11 10 27 25 22 
2 29 24 6 9 21 16 22 10 28 4 7 27 26 3 0 
25 10 6 9 7 30 26 1 28 3 13 20 11 5 15 22 27 0 
25 
17 29 10 27 0 
11 27 
22 13 5 26 3 15 30 25 24 11 23 17 20 16 19 6 4 27 9 21 1 29 28 
27 11 26 17 10 7 1 22 0 
17 1 13 29 23 9 3 11 0 
O A A O A A O B A O O A A B A O O AB O A A O A A O O O A O A 
